1,17994620289
1,1399538108
1,29996141872
0,679969026625
1,29997663453
0,639984242445
0,679991850355
0,639999458265
0,680007066175
0,640014674085
0,680022281995
1,4200298899
1,38003749781
0,760045105725
0,680052713635
1,42006032154
1,38006792945
0,720075537365
0,680083145275
0,680090753185
1,3000983611
0,640105969005
1,30011357692
0,680121184825
1,30012879274
0,640136400645
0,680144008555
0,640151616465
1,30015922438
0,640166832285
0,640174440195
2,1801820481
1,38018965601
0,720197263925
0,640204871835
0,720212479745
1,34022008765
0,680227695565
0,680235303475
0,640242911385
0,800250519295
0,640258127205
0,680265735115
1,38027334303
0,760280950935
0,640288558845
0,680296166755
0,680303774665
0,640311382575
0,640318990485
0,720326598395
0,680334206305
0,640341814215
0,640349422125
0,720357030035
0,680364637945
0,640372245855
0,640379853765
0,680387461675
0,720395069585
0,680402677495
1,14041028541
0,680417893315
0,680425501225
1,72045593287
1,22046354078
0,760471148685
0,680478756595
0,640486364505
0,640493972415
0,680501580325
1,18050918823
0,640516796145
0,640524404055
0,680532011965
0,680539619875
0,640547227785
0,680554835695
0,680562443605
0,720570051515
0,640577659425
0,640585267335
0,680592875245
0,680600483155
0,640608091065
0,640615698975
0,680623306885
0,680630914795
0,640638522705
1,46064613062
0,880653738525
0,680661346435
0,640668954345
1,46067656226
0,840684170165
0,680691778075
0,680699385985
1,6407069939
0,920714601805
0,640722209715
0,680729817625
1,92074503345
1,18075264135
0,680760249265
1,42076785718
0,840775465085
0,680783072995
0,640790680905
1,46079828881
0,880805896725
0,680813504635
0,640821112545
0,840828720455
0,680836328365
0,640843936275
0,680851544185
0,960866760005
0,800874367915
0,640881975825
0,640889583735
0,640897191645
0,640904799555
0,640912407465
0,640920015375
0,680927623285
0,680935231195
0,640942839105
0,640950447015
0,680958054925
0,680965662835
0,720973270745
0,640980878655
0,680988486565
0,640996094475
1,18100370238
0,641011310295
0,641018918205
0,721026526115
0,721034134025
0,681041741935
0,641049349845
0,641056957755
0,681064565665
0,681072173575
0,641079781485
0,641087389395
0,681094997305
0,681102605215
1,18111021313
0,641117821035
0,681125428945
0,681133036855
0,641140644765
0,641148252675
0,681155860585
0,681163468495
0,641171076405
0,681178684315
0,721186292225
0,681193900135
0,641201508045
0,641209115955
0,721216723865
0,721224331775
0,641231939685
0,641239547595
0,681247155505
0,681254763415
0,641262371325
0,641269979235
0,761277587145
0,681285195055
0,641292802965
1,18130041088
0,721308018785
0,681315626695
0,641323234605
0,841330842515
0,681338450425
0,681346058335
0,641353666245
0,641361274155
0,721368882065
0,681376489975
0,681384097885
0,641391705795
0,721399313705
1,18140692162
0,681414529525
0,641422137435
0,761429745345
0,681437353255
0,641444961165
0,681452569075
0,721460176985
0,721467784895
0,641475392805
1,18148300072
0,721490608625
0,681498216535
0,641505824445
0,641513432355
0,801521040265
0,681528648175
0,641536256085
0,641543863995
0,761551471905
0,681559079815
0,641566687725
0,721574295635
0,681581903545
0,681589511455
0,641597119365
0,641604727275
0,881612335185
0,681619943095
0,681627551005
0,681635158915
0,681642766825
0,681650374735
1,18165798265
0,641665590555
1,72167319846
0,761703630105
1,76189382785
1,64206880978
1,18207641769
0,682084025605
0,682091633515
0,682099241425
0,682106849335
0,642114457245
0,642122065155
0,682129673065
0,682137280975
0,642144888885
0,642152496795
0,802160104705
0,642167712615
0,642175320525
0,682182928435
0,762190536345
0,642198144255
0,642205752165
0,682213360075
0,682220967985
0,642228575895
0,642236183805
0,642243791715
0,682251399625
0,642259007535
0,642266615445
0,682274223355
0,682281831265
0,642289439175
0,642297047085
0,682304654995
0,682312262905
0,642319870815
0,642327478725
0,642335086635
0,682342694545
0,642350302455
0,642357910365
0,642365518275
0,882373126185
0,642380734095
0,682388342005
0,642395949915
0,682403557825
0,642411165735
0,642418773645
0,642426381555
0,722433989465
0,642441597375
0,682449205285
0,642456813195
0,682464421105
0,642472029015
0,642479636925
0,642487244835
0,682494852745
0,642502460655
0,642510068565
0,682517676475
0,802525284385
1,1825328923
0,642540500205
0,682548108115
0,722555716025
1,18256332394
0,642570931845
0,642578539755
0,722586147665
1,18259375557
0,682601363485
0,642608971395
0,682616579305
1,14262418722
0,642631795125
0,642639403035
0,722647010945
1,18265461885
0,642662226765
0,642669834675
0,722677442585
1,1426850505
0,682692658405
0,642700266315
1,14270787422
0,682715482135
0,682723090045
0,682730697955
0,682738305865
0,642745913775
0,642753521685
0,722761129595
0,682768737505
0,682776345415
0,642783953325
0,642791561235
1,14279916915
0,722806777055
0,642814384965
0,642821992875
1,14282960078
0,802837208695
0,682844816605
0,642852424515
1,14286003243
1,34288285615
0,802890464065
0,682898071975
0,682905679885
0,642913287795
0,642920895705
1,30294371944
0,762951327345
1,30297415108
0,802981758985
3,22301219062
1,26303501436
0,683042622265
0,923057838085
0,723065445995
0,643073053905
0,883088269725
0,763095877635
0,683103485545
1,38311870136
0,843126309275
0,643133917185
0,923149133005
0,843156740915
0,683164348825
1,64317956464
0,963187172555
0,683194780465
0,963209996285
0,763217604195
0,683225212105
1,34323282001
0,683240427925
0,723248035835
0,683255643745
0,683263251655
0,643270859565
0,643278467475
0,643286075385
0,683293683295
0,643301291205
0,643308899115
0,683316507025
1,18332411494
0,683331722845
0,643339330755
0,643346938665
0,643354546575
0,643362154485
0,643369762395
0,643377370305
1,46338497822
0,923392586125
0,723400194035
0,683407801945
1,18341540986
0,683423017765
1,18343062567
0,683438233585
0,763445841495
0,683453449405
0,643461057315
0,683468665225
0,763476273135
0,643483881045
1,18349148895
0,643499096865
0,643506704775
0,143514312685
0,183521920595
0,183529528505
0,463537136415
0,183544744325
0,183552352235
0,183559960145
0,423567568055
0,143575175965
0,183582783875
0,183590391785
0,423597999695
0,183605607605
0,183613215515
0,143620823425
0,183628431335
0,143636039245
0,183643647155
0,183651255065
0,143658862975
0,143666470885
0,183674078795
0,183681686705
0,183689294615
0,183696902525
0,643704510435
0,183712118345
0,183719726255
0,183727334165
0,183734942075
0,183742549985
0,183750157895
0,183757765805
0,643765373715
0,183772981625
0,143780589535
0,183788197445
0,143795805355
0,423803413265
0,223811021175
0,183818629085
0,143826236995
0,303833844905
0,183841452815
0,183849060725
0,183856668635
0,643864276545
0,183871884455
0,183879492365
0,183887100275
0,423894708185
0,183902316095
0,143909924005
0,183917531915
0,423925139825
0,183932747735
0,183940355645
0,143947963555
0,183955571465
0,463963179375
0,183970787285
0,143978395195
0,183986003105
0,463993611015
0,184001218925
0,184008826835
0,184016434745
0,184024042655
0,184031650565
0,144039258475
0,184046866385
0,184054474295
0,184062082205
0,144069690115
0,184077298025
0,144084905935
0,144092513845
0,184100121755
0,184107729665
0,184115337575
0,184122945485
0,144130553395
0,184138161305
0,184145769215
0,184153377125
0,424160985035
0,144168592945
0,184176200855
0,144183808765
0,644191416675
0,184199024585
0,184206632495
0,184214240405
0,684221848315
0,224229456225
0,144237064135
0,184244672045
0,644252279955
0,184259887865
0,144267495775
0,184275103685
0,424282711595
0,184290319505
0,144297927415
0,184305535325
0,644313143235
0,184320751145
0,184328359055
0,184335966965
0,144343574875
0,644351182785
0,184358790695
0,144366398605
0,184374006515
0,184381614425
0,184389222335
0,684396830245
0,224404438155
0,184412046065
0,144419653975
0,184427261885
0,184434869795
0,184442477705
0,144450085615
0,184457693525
0,184465301435
0,884472909345
0,184480517255
0,184488125165
0,184495733075
0,644503340985
0,184510948895
0,184518556805
0,184526164715
0,144533772625
0,184541380535
0,804548988445
0,304556596355
0,184564204265
0,184571812175
0,724579420085
0,264587027995
0,144594635905
0,184602243815
0,184609851725
0,184617459635
0,184625067545
0,184632675455
0,184640283365
0,144647891275
0,184655499185
0,184663107095
0,684670715005
0,224678322915
0,144685930825
0,184693538735
0,184701146645
0,144708754555
0,184716362465
0,184723970375
0,184731578285
0,184739186195
0,184746794105
0,184754402015
0,184762009925
0,184769617835
0,184777225745
0,184784833655
0,184792441565
0,184800049475
0,144807657385
0,184815265295
0,184822873205
0,184830481115
0,184838089025
0,184845696935
0,184853304845
0,184860912755
0,144868520665
0,184876128575
0,184883736485
0,184891344395
0,184898952305
0,644906560215
0,144914168125
0,184921776035
0,184929383945
0,464936991855
0,144944599765
0,184952207675
0,184959815585
0,184967423495
0,184975031405
0,144982639315
0,184990247225
0,384997855135
0,185005463045
0,185013070955
0,185020678865
0,465028286775
0,185035894685
0,185043502595
0,185051110505
0,465058718415
0,225066326325
0,185073934235
0,685081542145
0,185089150055
0,185096757965
0,185104365875
0,185111973785
0,185119581695
0,185127189605
0,185134797515
0,185142405425
0,385150013335
0,185157621245
0,185165229155
0,185172837065
0,425180444975
0,185188052885
0,185195660795
0,185203268705
0,345210876615
0,185218484525
0,185226092435
0,645233700345
0,385241308255
0,185248916165
0,145256524075
0,185264131985
0,645271739895
0,265279347805
0,185286955715
0,185294563625
0,185302171535
0,185309779445
0,145317387355
0,185324995265
0,185332603175
0,185340211085
0,145347818995
0,185355426905
0,425363034815
0,185370642725
0,185378250635
0,145385858545
0,465393466455
0,185401074365
0,145408682275
0,185416290185
0,645423898095
0,225431506005
0,185439113915
0,345446721825
0,145454329735
0,185461937645
0,185469545555
0,425477153465
0,145484761375
0,185492369285
0,145499977195
0,185507585105
0,145515193015
0,185522800925
0,145530408835
0,185538016745
0,145545624655
0,185553232565
0,185560840475
0,185568448385
0,185576056295
0,185583664205
0,185591272115
0,185598880025
0,145606487935
0,185614095845
0,185621703755
0,185629311665
0,185636919575
0,145644527485
0,185652135395
0,185659743305
0,465667351215
0,225674959125
0,185682567035
0,185690174945
0,185697782855
0,725705390765
0,265712998675
0,185720606585
0,185728214495
0,185735822405
0,185743430315
0,145751038225
0,185758646135
0,185766254045
0,645773861955
0,225781469865
0,185789077775
0,185796685685
0,185804293595
0,185811901505
0,645819509415
0,185827117325
0,185834725235
0,185842333145
0,925857548965
0,425865156875
0,185872764785
0,185880372695
0,185887980605
0,185895588515
0,185903196425
0,145910804335
0,185918412245
0,185926020155
0,185933628065
0,645941235975
0,185948843885
0,185956451795
0,145964059705
0,645971667615
0,185979275525
0,185986883435
0,185994491345
0,186002099255
0,466017315075
0,266024922985
0,186032530895
0,186040138805
0,146047746715
0,186055354625
0,186062962535
0,186070570445
0,186078178355
0,646085786265
0,186093394175
0,146101002085
0,186108609995
0,186116217905
0,186123825815
0,186131433725
0,146139041635
0,186146649545
0,186154257455
0,726161865365
0,306169473275
0,146177081185
0,186184689095
0,646199904915
0,186207512825
0,726215120735
0,146222728645
0,186230336555
0,146237944465
0,186245552375
0,726253160285
0,306260768195
0,146268376105
0,966283591925
0,646291199835
0,186298807745
0,186306415655
0,146314023565
0,186321631475
0,146329239385
0,186336847295
0,186344455205
0,146352063115
0,186359671025
0,686367278935
0,266374886845
0,186382494755
0,186390102665
0,186397710575
0,186405318485
0,146412926395
0,186420534305
0,646428142215
0,226435750125
0,146443358035
0,186450965945
0,186458573855
0,186466181765
0,186473789675
0,186481397585
0,426489005495
0,186496613405
0,146504221315
0,186511829225
0,646519437135
0,226527045045
0,186534652955
0,186542260865
0,386549868775
0,186557476685
0,186565084595
0,186572692505
0,186580300415
0,186587908325
0,186595516235
0,186603124145
0,186610732055
0,186618339965
0,186625947875
0,186633555785
0,186641163695
0,186648771605
0,186656379515
0,146663987425
0,186671595335
0,186679203245
0,186686811155
0,186694419065
0,186702026975
0,186709634885
0,146717242795
0,426724850705
0,146732458615
0,186740066525
0,146747674435
0,646755282345
0,186762890255
0,186770498165
0,146778106075
0,186785713985
0,146793321895
0,186800929805
0,146808537715
0,426816145625
0,146823753535
0,186831361445
0,146838969355
0,426846577265
0,146854185175
0,186861793085
0,146869400995
0,426877008905
0,186884616815
0,186892224725
0,186899832635
0,186907440545
0,186915048455
0,186922656365
0,186930264275
0,186937872185
0,146945480095
0,186953088005
0,186960695915
0,146968303825
0,186975911735
0,186983519645
0,186991127555
0,146998735465
0,187013951285
0,187021559195
0,187029167105
0,467036775015
0,187044382925
0,187051990835
0,187059598745
0,187067206655
0,187074814565
0,147082422475
0,187090030385
0,187097638295
0,187105246205
0,187112854115
0,187120462025
0,187128069935
0,187135677845
0,187143285755
0,187150893665
0,187158501575
0,187166109485
0,187173717395
0,187181325305
0,647188933215
0,187196541125
0,187204149035
0,187211756945
0,187219364855
0,187226972765
0,187234580675
0,187242188585
0,647249796495
0,187257404405
0,687265012315
0,187272620225
0,187280228135
0,187287836045
0,187295443955
0,647303051865
0,147310659775
0,187318267685
0,187325875595
0,187333483505
0,187341091415
0,187348699325
0,427356307235
0,647363915145
0,187371523055
0,187379130965
0,187386738875
0,647394346785
0,187401954695
0,187409562605
0,187417170515
0,187424778425
0,187432386335
0,767439994245
0,387447602155
0,147455210065
0,687462817975
0,187470425885
0,187478033795
0,147485641705
0,187493249615
0,967500857525
0,467508465435
0,147516073345
0,187523681255
0,187531289165
0,147538897075
0,187546504985
0,187554112895
0,187561720805
0,187569328715
0,147576936625
0,187584544535
0,187592152445
0,187599760355
0,147607368265
0,187614976175
0,187622584085
0,187630191995
0,187637799905
0,647645407815
0,187653015725
0,147660623635
0,187668231545
0,467675839455
0,147683447365
0,187691055275
0,187698663185
0,647706271095
0,227713879005
0,187721486915
0,187729094825
0,647736702735
0,227744310645
0,147751918555
0,187759526465
0,467767134375
0,187774742285
0,147782350195
0,187789958105
0,647797566015
0,227805173925
0,647812781835
0,187820389745
0,387827997655
0,187835605565
0,187843213475
0,187850821385
0,147858429295
0,147866037205
0,187873645115
0,147881253025
0,187888860935
0,187896468845
0,647904076755
0,187911684665
0,187919292575
0,187926900485
0,647934508395
0,187942116305
0,187949724215
0,187957332125
0,647964940035
0,187972547945
0,147980155855
0,187987763765
0,187995371675
0,468002979585
0,148010587495
0,188018195405
0,148025803315
0,468033411225
0,648041019135
0,188048627045
0,148056234955
0,428063842865
0,228071450775
0,188079058685
0,148086666595
0,308094274505
0,308101882415
0,188109490325
0,148117098235
0,428124706145
0,188132314055
0,188139921965
0,148147529875
0,648155137785
0,148162745695
0,188170353605
0,188177961515
0,188185569425
0,188193177335
0,188200785245
0,148208393155
0,188216001065
0,428231216885
0,188238824795
0,188246432705
0,188254040615
0,188261648525
0,188269256435
0,188276864345
0,188284472255
0,188292080165
0,188299688075
0,148307295985
0,188314903895
0,188322511805
0,188330119715
0,188337727625
0,188345335535
0,188352943445
0,188360551355
0,188368159265
0,648375767175
0,188383375085
0,188390982995
0,188398590905
0,188406198815
0,188413806725
0,188421414635
0,148429022545
0,648436630455
0,188444238365
0,188451846275
0,188459454185
0,188467062095
1,14847467001
0,468482277915
0,728489885825
0,188497493735
0,188505101645
0,188512709555
0,188520317465
0,688527925375
0,188535533285
0,148543141195
0,648550749105
0,188558357015
0,188565964925
0,148573572835
0,648581180745
0,188588788655
0,188596396565
0,188604004475
0,648611612385
0,188619220295
0,188626828205
0,188634436115
0,188642044025
0,188649651935
0,188657259845
0,188664867755
0,648672475665
0,188680083575
0,188687691485
0,188695299395
0,188702907305
0,188710515215
0,148718123125
0,188725731035
0,148733338945
0,188740946855
0,148748554765
0,688756162675
0,148763770585
0,188771378495
0,648778986405
0,228786594315
0,148794202225
0,188801810135
0,188809418045
0,468817025955
0,188824633865
0,188832241775
0,688839849685
0,308847457595
0,148855065505
0,188862673415
0,728870281325
0,308877889235
0,148885497145
0,188893105055
0,188900712965
0,188908320875
0,188915928785
0,648923536695
0,188931144605
0,188938752515
0,188946360425
0,468953968335
0,188961576245
0,188969184155
0,188976792065
0,468984399975
0,188992007885
0,148999615795
0,189007223705
0,469014831615
0,189022439525
0,189030047435
0,189037655345
0,689045263255
0,229052871165
0,189060479075
0,189068086985
0,649075694895
0,189083302805
0,649090910715
0,189098518625
0,189106126535
0,189113734445
0,149121342355
0,689128950265
0,189136558175
0,189144166085
0,189151773995
0,149159381905
0,189166989815
0,189174597725
0,149182205635
0,189189813545
0,189197421455
0,189205029365
0,189212637275
0,189220245185
0,189227853095
0,189235461005
0,649243068915
0,189250676825
0,149258284735
0,189265892645
0,149273500555
0,389281108465
0,149288716375
0,189296324285
0,149303932195
0,429311540105
0,189319148015
0,189326755925
0,149334363835
0,469341971745
0,189349579655
0,189357187565
0,149364795475
0,189372403385
0,149380011295
0,189387619205
0,149395227115
0,469402835025
0,149410442935
0,189418050845
0,149425658755
0,429433266665
0,189440874575
0,389448482485
0,189456090395
0,189463698305
0,189471306215
0,189478914125
0,189486522035
0,189494129945
0,649501737855
0,189509345765
0,469516953675
0,189524561585
0,189532169495
0,649539777405
0,189547385315
0,189554993225
0,189562601135
0,189570209045
0,189577816955
0,189585424865
0,189593032775
0,189600640685
0,189608248595
0,149615856505
0,189623464415
0,189631072325
0,189638680235
0,189646288145
0,189653896055
0,189661503965
0,189669111875
0,149676719785
0,189684327695
0,189691935605
0,189699543515
0,189707151425
0,189714759335
1,14972236725
0,729729975155
0,309737583065
0,189745190975
0,189752798885
0,189760406795
0,189768014705
0,649775622615
0,189783230525
0,189790838435
0,189798446345
0,189806054255
0,189813662165
0,189821270075
0,189828877985
0,189836485895
0,189844093805
0,189851701715
0,189859309625
0,189866917535
0,189874525445
0,189882133355
0,649889741265
0,189897349175
0,189904957085
0,149912564995
0,189920172905
0,189927780815
0,189935388725
0,189942996635
0,649950604545
0,189958212455
0,189965820365
0,189973428275
0,189981036185
0,189988644095
0,189996252005
0,190003859915
0,150011467825
0,190019075735
0,190026683645
0,190034291555
0,150041899465
0,190049507375
0,190057115285
0,190064723195
0,150072331105
0,190079939015
0,190087546925
0,190095154835
0,150102762745
0,190110370655
0,470117978565
0,190125586475
0,150133194385
0,190140802295
0,190148410205
0,190156018115
0,430163626025
0,150171233935
0,190178841845
0,190186449755
0,190194057665
0,470201665575
0,190209273485
0,190216881395
0,190224489305
0,470232097215
0,190239705125
0,190247313035
0,190254920945
0,690262528855
0,190270136765
0,150277744675
0,190285352585
0,470292960495
0,190300568405
0,150308176315
0,190315784225
0,650323392135
0,190331000045
0,150338607955
0,190346215865
0,470353823775
0,190361431685
0,190369039595
0,190376647505
0,150384255415
0,190391863325
0,650399471235
0,190407079145
0,190414687055
0,190422294965
0,650429902875
0,190437510785
0,190445118695
0,190452726605
0,190460334515
0,190467942425
0,650475550335
0,230483158245
0,650490766155
0,190498374065
0,150505981975
0,190513589885
0,190521197795
0,190528805705
0,190536413615
0,150544021525
0,190551629435
0,430559237345
0,190566845255
0,190574453165
0,150582061075
0,430589668985
0,150597276895
0,190604884805
0,150612492715
0,430620100625
0,150627708535
0,190635316445
0,150642924355
0,390650532265
0,190658140175
0,190665748085
0,190673355995
0,650680963905
0,270688571815
0,190696179725
0,150703787635
0,650711395545
0,270719003455
0,190726611365
0,190734219275
0,150741827185
0,190749435095
0,190757043005
0,190764650915
0,650772258825
0,270779866735
0,190787474645
0,190795082555
0,190802690465
0,190810298375
0,190817906285
0,190825514195
0,190833122105
0,190840730015
0,190848337925
0,190855945835
0,190863553745
0,190871161655
0,190878769565
0,470886377475
0,190893985385
0,190901593295
1,19090920121
0,730916809115
0,230924417025
0,190932024935
0,190939632845
0,190947240755
0,190954848665
0,190962456575
0,190970064485
0,470977672395
0,150985280305
0,190992888215
0,191000496125
0,151008104035
0,191015711945
0,971030927765
0,471038535675
0,231046143585
0,191053751495
0,191061359405
0,191068967315
0,651076575225
0,191084183135
0,151091791045
0,191099398955
0,651107006865
0,191114614775
0,191122222685
0,191129830595
0,191137438505
0,191145046415
0,191152654325
0,151160262235
0,651167870145
0,191175478055
0,771183085965
0,311190693875
0,191198301785
0,191205909695
0,191213517605
0,151221125515
0,191228733425
0,191236341335
0,191243949245
0,191251557155
0,191259165065
0,191266772975
0,191274380885
0,191281988795
0,191289596705
0,191297204615
0,191304812525
0,391312420435
0,151320028345
0,191327636255
0,191335244165
0,191342852075
0,151350459985
0,191358067895
0,151365675805
0,191373283715
0,151380891625
0,191388499535
0,151396107445
0,651403715355
0,151411323265
0,191418931175
0,191426539085
0,191434146995
0,151441754905
0,191449362815
0,191456970725
0,151464578635
0,191472186545
0,391479794455
0,151487402365
0,191495010275
0,191502618185
0,191510226095
0,191517834005
0,191525441915
0,191533049825
0,651540657735
0,231548265645
0,191555873555
0,191563481465
0,191571089375
0,151578697285
0,191586305195
0,191593913105
0,191601521015
0,191609128925
0,151616736835
0,191624344745
0,191631952655
0,191639560565
0,651647168475
0,191654776385
0,431662384295
0,191669992205
0,851677600115
0,191685208025
0,151692815935
0,191700423845
0,191708031755
0,191715639665
0,191723247575
0,191730855485
0,191738463395
0,191746071305
0,151753679215
0,191761287125
0,651768895035
0,191776502945
0,191784110855
0,191791718765
0,651799326675
0,191806934585
0,151814542495
0,191822150405
0,151829758315
0,431837366225
0,191844974135
0,191852582045
0,151860189955
0,311867797865
0,191875405775
0,191883013685
0,151890621595
0,471898229505
0,191905837415
0,151913445325
0,191921053235
0,471928661145
0,191936269055
0,191943876965
0,151951484875
0,471959092785
0,151966700695
0,191974308605
0,151981916515
0,471989524425
0,151997132335
0,192004740245
0,192012348155
0,152019956065
0,192027563975
0,192035171885
0,192042779795
0,192050387705
0,192057995615
0,192065603525
0,152073211435
0,192080819345
0,192088427255
0,192096035165
0,192103643075
0,192111250985
0,192118858895
0,192126466805
0,192134074715
0,192141682625
0,192149290535
0,192156898445
0,192164506355
0,432172114265
0,192179722175
0,192187330085
0,192194937995
0,192202545905
0,652210153815
0,192217761725
0,192225369635
0,192232977545
0,652240585455
0,192248193365
0,192255801275
0,192263409185
0,192271017095
0,192278625005
0,192286232915
0,192293840825
0,652301448735
0,192309056645
0,192316664555
0,192324272465
0,152331880375
0,192339488285
0,192347096195
0,192354704105
0,192362312015
0,192369919925
0,152377527835
0,652385135745
0,152392743655
0,192400351565
0,152407959475
0,192415567385
0,192423175295
0,192430783205
0,192438391115
0,192445999025
0,192453606935
0,192461214845
0,192468822755
0,652476430665
0,192484038575
0,192491646485
0,192499254395
0,652506862305
0,192514470215
0,152522078125
0,192529686035
0,652537293945
0,192544901855
0,192552509765
0,192560117675
0,152567725585
0,192575333495
0,152582941405
0,192590549315
0,472598157225
0,192605765135
0,192613373045
0,152620980955
0,192628588865
0,192636196775
0,152643804685
0,192651412595
0,152659020505
0,152666628415
0,652674236325
0,232681844235
0,152689452145
0,192697060055
0,192704667965
0,192712275875
0,152719883785
0,192727491695
0,152735099605
0,192742707515
0,192750315425
0,192757923335
0,192765531245
0,192773139155
0,192780747065
0,192788354975
0,192795962885
0,192803570795
0,192811178705
0,472818786615
0,192826394525
0,192834002435
0,192841610345
0,652849218255
0,272856826165
0,192864434075
0,192872041985
0,472879649895
0,232887257805
0,192894865715
0,152902473625
0,192910081535
0,192917689445
0,652925297355
0,192932905265
0,152940513175
0,152948121085
0,692955728995
0,192963336905
0,192970944815
0,192978552725
0,192986160635
0,192993768545
0,193001376455
0,193008984365
0,193016592275
0,193024200185
0,193031808095
0,193039416005
0,653047023915
0,193054631825
0,193062239735
0,193069847645
0,653077455555
0,193085063465
0,193092671375
0,193100279285
0,153107887195
0,193115495105
0,153123103015
0,193130710925
0,193138318835
0,193145926745
0,193153534655
0,193161142565
0,153168750475
0,193176358385
0,653183966295
0,233191574205
0,153199182115
0,653206790025
0,153214397935
0,193222005845
0,153229613755
0,653237221665
0,193244829575
0,193252437485
0,153260045395
0,193267653305
0,193275261215
0,153282869125
0,193290477035
0,193298084945
0,193305692855
0,193313300765
0,193320908675
0,153328516585
0,193336124495
0,193343732405
0,193351340315
0,193358948225
0,193366556135
0,193374164045
0,193381771955
0,193389379865
0,193396987775
0,193404595685
0,153412203595
0,193419811505
0,193427419415
0,193435027325
0,193442635235
0,153450243145
0,193457851055
0,193465458965
0,193473066875
0,193480674785
0,193488282695
0,193495890605
0,153503498515
0,193511106425
0,653518714335
0,193526322245
0,193533930155
0,193541538065
0,653549145975
0,193556753885
0,153564361795
0,693571969705
0,193579577615
0,193587185525
0,193594793435
0,193602401345
0,193610009255
0,193617617165
0,193625225075
0,193632832985
0,193640440895
0,193648048805
0,193655656715
0,653663264625
0,193670872535
0,153678480445
0,193686088355
0,153693696265
0,193701304175
0,193708912085
0,153716519995
0,653724127905
0,193731735815
0,193739343725
0,153746951635
0,653754559545
0,193762167455
0,193769775365
0,153777383275
0,193784991185
0,193792599095
0,193800207005
0,193807814915
0,653815422825
0,193823030735
0,193830638645
0,193838246555
0,153845854465
0,193853462375
0,193861070285
0,193868678195
0,433876286105
0,193883894015
0,193891501925
0,193899109835
0,153906717745
0,153914325655
0,653921933565
0,273929541475
0,153937149385
0,193944757295
0,193952365205
0,193959973115
0,153967581025
0,193975188935
0,153982796845
0,193990404755
0,153998012665
0,194005620575
0,194013228485
0,194020836395
0,194028444305
0,474036052215
0,274043660125
0,194051268035
0,194058875945
0,194066483855
0,194074091765
0,194081699675
0,194089307585
0,474096915495
0,194104523405
0,194112131315
0,194119739225
0,194127347135
0,194134955045
0,194142562955
0,194150170865
0,474157778775
0,194165386685
0,194172994595
0,194180602505
0,194188210415
0,154195818325
0,194203426235
0,194211034145
0,194218642055
0,194226249965
0,194233857875
0,194241465785
0,194249073695
0,194256681605
0,654264289515
0,194271897425
0,194279505335
0,154287113245
0,654294721155
0,194302329065
0,154309936975
0,474317544885
0,654325152795
0,194332760705
0,434340368615
0,194347976525
0,194355584435
0,194363192345
0,194370800255
0,194378408165
0,154386016075
0,434393623985
0,194401231895
0,194408839805
0,154416447715
0,194424055625
0,654431663535
0,194439271445
0,154446879355
0,354454487265
0,274462095175
0,194469703085
0,154477310995
0,434484918905
0,654492526815
0,194500134725
0,194507742635
0,474515350545
0,194522958455
0,194530566365
0,154538174275
0,474545782185
0,234553390095
0,194560998005
0,194568605915
0,194576213825
0,194583821735
0,194591429645
0,194599037555
0,194606645465
0,194614253375
0,194621861285
0,194629469195
0,154637077105
0,194652292925
0,194659900835
0,194667508745
0,194675116655
0,194682724565
0,154690332475
0,194697940385
0,194705548295
0,194713156205
0,194720764115
0,154728372025
0,654735979935
0,194743587845
0,194751195755
0,194758803665
0,974774019485
0,474781627395
0,194789235305
0,654796843215
0,194804451125
0,194812059035
0,154819666945
0,654827274855
0,194834882765
0,194842490675
0,194850098585
0,194857706495
0,194865314405
0,154872922315
0,654880530225
0,694888138135
0,194895746045
0,194903353955
0,654910961865
0,194918569775
0,194926177685
0,194933785595
0,194941393505
0,194949001415
0,194956609325
0,194964217235
0,654971825145
0,194979433055
0,194987040965
0,194994648875
0,195002256785
0,195009864695
0,475017472605
0,195025080515
0,695032688425
0,195040296335
0,195047904245
0,195055512155
0,195063120065
