0,682400005479
0,183768728654
0,223823477581
0,643878226508
0,183932975435
0,183987724362
0,184042473289
0,224097222216
0,224151971143
0,18420672007
0,224261468997
0,184316217924
0,184370966851
0,184425715778
0,144480464705
0,184535213632
0,224589962559
0,184644711486
0,144699460413
0,18475420934
0,184808958267
0,184863707194
0,264918456121
0,184973205048
0,185027953975
0,185082702902
0,185137451829
0,185192200756
0,185246949683
0,18530169861
0,185356447537
0,185411196464
0,185465945391
0,185520694318
0,145575443245
0,185630192172
0,185684941099
0,185739690026
0,185794438953
0,22584918788
0,185903936807
0,185958685734
0,186013434661
0,186068183588
0,226122932515
0,226177681442
0,226232430369
0,226287179296
0,226341928223
0,42639667715
0,346451426077
0,346506175004
0,386560923931
0,386615672858
0,346670421785
0,266725170712
0,346779919639
0,306834668566
0,346889417493
0,30694416642
0,346998915347
0,347053664274
0,347108413201
0,267163162128
0,347217911055
0,307272659982
0,347327408909
0,307382157836
0,347436906763
0,18749165569
0,647546404617
0,187601153544
0,187655902471
0,187710651398
0,187765400325
0,187820149252
0,187874898179
0,187929647106
0,647984396033
0,18803914496
0,228093893887
0,188148642814
0,688203391741
0,188258140668
0,188312889595
0,188367638522
0,648422387449
0,188477136376
0,188531885303
0,22858663423
0,188641383157
0,188696132084
0,188750881011
0,228805629938
0,728860378865
0,188915127792
0,188969876719
0,189024625646
0,649079374573
0,1891341235
0,189188872427
0,229243621354
0,689298370281
0,189353119208
0,189407868135
0,189462617062
0,729517365989
0,189572114916
0,189626863843
0,18968161277
0,649736361697
0,189791110624
0,189845859551
0,189900608478
0,649955357405
0,150010106332
0,190064855259
0,230119604186
0,690174353113
0,19022910204
0,190283850967
0,190338599894
0,650393348821
0,150448097748
0,190502846675
0,190557595602
0,650612344529
0,190667093456
0,190721842383
0,39077659131
0,730831340237
0,430886089164
0,350940838091
0,390995587018
0,731050335945
0,391105084872
0,811159833799
0,351214582726
0,691269331653
0,35132408058
0,391378829507
0,351433578434
0,771488327361
0,271543076288
0,351597825215
0,391652574142
0,651707323069
0,391762071996
0,351816820923
0,19187156985
0,651926318777
0,191981067704
0,152035816631
0,192090565558
0,692145314485
0,152200063412
0,152254812339
0,232309561266
0,192364310193
0,19241905912
0,272473808047
0,232528556974
0,192583305901
0,232638054828
0,312692803755
0,232747552682
0,192802301609
0,192857050536
0,272911799463
0,19296654839
0,313021297317
0,193076046244
0,273130795171
0,193185544098
0,653240293025
0,233295041952
0,313349790879
0,193404539806
0,193459288733
0,23351403766
0,313568786587
0,193623535514
0,193678284441
0,193733033368
0,273787782295
0,233842531222
0,153897280149
0,193952029076
0,274006778003
0,19406152693
0,194116275857
0,194171024784
0,274225773711
0,194280522638
0,194335271565
0,194390020492
0,274444769419
0,234499518346
0,194554267273
0,1946090162
0,274663765127
0,194718514054
0,194773262981
0,194828011908
0,314882760835
0,194937509762
0,194992258689
0,195047007616
1,6560324883
0,196908471134
0,276963220061
0,657017968988
0,197182215769
0,658496190017
0,238550938944
0,238605687871
0,238769934652
0,779919662119
0,319974411046
0,320029159973
0,3200839089
0,360138657827
0,360193406754
0,700248155681
0,700302904608
0,400357653535
0,320686147097
1,32095989173
1,24106938959
0,742438112761
0,742657108469
0,704682818768
0,744847065549
0,785230308038
0,665449303746
0,745942044089
1,32659903121
0,787475014045
1,32922697971
0,329664971125
0,789829217906
0,74993871576
0,370759949665
0,7110336943
0,451964426059
1,3724571664
0,332949906745
0,753004655672
1,33311415353
1,45409963421
0,67486611919
0,335796850949
0,716234842365
0,379574526912
0,720614756525
0,500779003306
0,720833752233
0,801107496868
1,34121699472
1,34274996468
1,34373544536
0,683844943218
1,34395444107
0,804830423904
0,345213666393
0,725651657809
0,68581590459
1,30702038098
1,34811535952
1,38822485738
0,728498602013
1,43068855909
0,73129079729
0,352221529049
0,853042762954
0,853918745786
0,353973494713
0,69402824364
0,434192490421
0,694247239348
1,39457573291
0,696108702866
2,4363824475
0,856546694282
0,396601443209
2,39703943462
0,779612634194
1,36114560415
0,74169309342
0,741802591274
0,361966838055
0,523992548354
0,825087526894
1,40579926295
1,36585401187
1,36601825865
0,366894241485
0,406948990412
1,78749647968
1,36820821573
0,369084198565
1,79100041101
1,37110990886
0,331274155645
1,33171214706
0,491876393842
1,4119858917
0,373464112725
1,41351886165
0,413902104141
0,494504342338
0,455051831608
1,37516132946
0,795873065513
0,538008273666
2,38112896251
1,42195019641
0,462716681388
0,543264170658
2,38331891959
0,804359149198
0,424413898125
2,2651803831
0,765289880957
0,265399378811
0,725508876665
1,26594686808
0,766001617008
2,26709659555
1,72715134447
0,307260842329
0,267315591256
1,26737034018
0,72742508911
0,307479838037
0,267534586964
0,267589335891
0,727644084818
0,307698833745
0,267753582672
0,267808331599
0,80797257838
0,388684314431
0,428739063358
2,30994353975
0,31016253546
0,730491029022
0,270600526876
0,310764773657
0,730929020438
0,310983769365
0,731148016146
0,311202765073
0,311859752197
0,473118977518
0,393173726445
0,393228475372
0,393283224299
0,853337973226
0,393392722153
2,77344747108
2,27350222001
0,773611717861
0,273666466788
0,273721215715
0,774761445328
0,736020670649
0,276130168503
0,316568159919
2,39678715563
1,43744414275
0,857608389532
1,278758117
0,738812865926
0,318867614853
0,27892236378
0,278977112707
0,739031861634
0,319086610561
0,279141359488
0,279196108415
0,279415104123
1,78034583588
1,8616050612
0,441824056911
1,44187880584
0,781933554765
0,442043052619
0,442590541889
0,78275478867
0,442809537597
0,743247529013
0,403685520429
0,403959265064
3,44406876292
0,444780498969
2,44521849039
0,445437486093
0,44549223502
0,445875477509
0,82603972429
0,406149222144
0,406368217852
0,826477715706
0,446532464633
0,446751460341
0,406806209268
0,82713470283
0,407244200684
2,44740844747
0,867572694246
0,787791689954
0,828010685662
2,82812018352
0,448284430297
0,448503426005
0,448722421713
0,408941417421
0,409434157764
0,449598404545
0,449817400253
0,829981647034
0,450036395961
0,830255391669
0,410748132012
3,45107662557
2,87118612343
