0,280679983364
0,66067387478
0,280667766196
0,320661657612
0,240655549028
0,360649440444
0,32064333186
0,620637223276
0,360631114692
0,660625006108
0,320618897524
0,320600571772
0,240594463188
0,440588354604
0,28058224602
0,200576137436
0,360570028852
0,200563920268
0,240557811684
0,1605517031
0,200545594516
0,620539485932
0,320533377348
0,200527268764
0,16052116018
0,620515051596
0,240508943012
0,240502834428
0,280496725844
0,62049061726
0,320484508676
0,360478400092
0,280472291508
0,700466182924
0,32046007434
0,320447857172
0,440441748588
0,280435640004
0,24042953142
0,280423422836
0,660417314252
0,360411205668
0,280405097084
0,2403989885
0,620392879916
0,320386771332
0,280380662748
0,360374554164
0,70036844558
0,360362336996
0,360356228412
0,280350119828
0,660344011244
0,28033790266
0,320331794076
0,660325685492
0,320319576908
0,240313468324
0,320301251156
0,320295142572
0,280289033988
0,36027681682
0,360270708236
0,360264599652
0,620252382484
0,3602462739
0,360240165316
0,660227948148
0,320221839564
0,24021573098
0,320203513812
0,700197405228
0,360191296644
0,78018518806
0,360179079476
0,400166862308
0,620160753724
0,44015464514
0,660148536556
0,440142427972
0,940136319388
0,440130210804
0,36012410222
0,440117993636
0,620111885052
0,440105776468
0,4000935593
0,700087450716
0,740081342132
0,320069124964
0,66006301638
0,440056907796
0,660050799212
0,400044690628
0,32003247346
0,740026364876
0,440020256292
0,400008039124
0,70000193054
0,399995821956
0,279983604788
0,619977496204
0,43997138762
0,359959170452
0,659953061868
0,399946953284
0,319934736116
0,439928627532
0,399922518948
0,399916410364
0,31991030178
0,439904193196
0,399898084612
0,359891976028
0,359885867444
0,65987975886
0,399873650276
0,859867541692
0,319861433108
0,659855324524
0,61984921594
0,439836998772
0,619830890188
0,619824781604
0,359812564436
0,439806455852
0,439800347268
0,3197881301
0,659782021516
0,659775912932
0,619769804348
0,399763695764
0,739751478596
0,659745370012
0,39972704426
0,359720935676
0,359708718508
0,699702609924
0,43969650134
0,399678175588
0,439672067004
0,39966595842
0,659659849836
0,439653741252
0,319647632668
0,439629306916
0,659623198332
0,399610981164
0,65960487258
0,859598763996
0,399592655412
0,279580438244
0,43957432966
0,439568221076
0,359556003908
0,739549895324
0,61954378674
0,659537678156
0,359531569572
0,739525460988
0,399519352404
0,69951324382
0,319507135236
0,699501026652
0,439494918068
0,699488809484
0,3594827009
0,779476592316
0,399470483732
0,659464375148
0,699458266564
0,39945215798
0,619446049396
0,359433832228
0,439427723644
0,43942161506
0,739415506476
0,399409397892
0,359403289308
0,619397180724
0,439384963556
0,359378854972
0,399372746388
0,619366637804
0,43936052922
0,319354420636
0,439342203468
0,439336094884
0,3193299863
0,439323877716
0,359317769132
0,699311660548
0,399305551964
0,39929944338
0,399293334796
0,739287226212
0,399281117628
0,399275009044
0,35926890046
0,739262791876
0,659256683292
0,659250574708
0,319244466124
0,61923835754
0,439232248956
1,65922003179
1,19919559745
0,6591772717
1,23917116312
0,699152837364
0,23914672878
0,359140620196
0,699134511612
0,319128403028
0,239122294444
0,31911618586
0,239110077276
0,279103968692
0,319097860108
0,279091751524
0,65908564294
0,359079534356
0,239073425772
0,319067317188
0,619061208604
0,31905510002
0,319048991436
0,319042882852
0,619036774268
0,279030665684
1,27889627684
0,698890168252
0,2788718425
0,318847408164
0,698835190996
0,658804648076
1,69879243091
1,35876188799
0,698755779404
0,65874967082
0,398743562236
0,778731345068
0,3587191279
0,398706910732
2,35870080215
0,69868858498
0,398682476396
1,81867025923
0,65865804206
0,318651933476
0,398645824892
0,818639716308
0,398633607724
0,35862749914
0,438621390556
0,898603064804
0,35859695622
0,818590847636
0,438584739052
0,278578630468
0,438572521884
0,618438133036
0,738419807284
0,3584136987
1,35839537295
0,77838315578
0,318377047196
0,27835261286
0,398340395692
0,898334287108
0,738309852772
0,358285418436
0,398267092684
0,278254875516
0,278236549764
0,398218224012
0,438193789676
0,358187681092
0,398181572508
1,73817546392
0,93816935534
0,658163246756
0,358157138172
0,398151029588
0,738144921004
0,31813881242
0,698132703836
0,398126595252
0,318120486668
0,318114378084
0,7381082695
0,358102160916
0,278096052332
0,278089943748
0,358083835164
0,31807772658
0,278071617996
0,278065509412
0,618059400828
0,358053292244
0,27804718366
0,278041075076
0,658034966492
0,318028857908
0,318022749324
0,35801664074
0,818010532156
0,318004423572
0,317998314988
0,357992206404
0,85798609782
0,437979989236
0,357973880652
0,937967772068
0,357961663484
0,3979555549
0,357949446316
0,777943337732
0,437937229148
0,437931120564
0,27792501198
0,697918903396
0,437912794812
0,437906686228
1,43764401712
0,817631799948
1,43762569136
0,737607365612
0,437601257028
0,35758903986
0,437576822692
1,39757071411
1,6975340626
1,39752795402
0,317515736852
0,397491302516
0,437485193932
0,657479085348
0,65746686818
0,397460759596
1,61744854243
1,39744243384
0,61743632526
0,357430216676
0,357424108092
0,357417999508
0,357411890924
0,39740578234
0,357399673756
0,317393565172
0,857387456588
0,397381348004
0,35737523942
0,697356913668
0,277350805084
0,397210307652
1,73719809048
0,657179764732
0,817173656148
0,357149221812
0,617143113228
0,357137004644
0,61713089606
0,697106461724
1,39710035314
3,39709424456
2,73708202739
0,3570392673
0,697020941548
0,39700872438
0,437002615796
0,696996507212
0,356990398628
0,356984290044
0,736972072876
0,396965964292
0,396959855708
0,35682546686
1,61681935828
1,19680103252
1,19677659819
0,436770489604
0,39676438102
0,656721620932
1,35671551235
1,23670329518
1,15667886084
0,39667275226
0,396666643676
0,776654426508
2,39662999217
1,65662388359
0,356605557836
0,7365811235
0,356562797748
0,656556689164
0,656544471996
1,65652003766
0,616507820492
0,656501711908
0,396495603324
0,31648949474
0,276483386156
0,616477277572
0,656471168988
0,316465060404
0,736294020052
0,436287911468
0,3962756943
0,736269585716
0,436263477132
0,816257368548
0,73624515138
1,2362390428
0,776232934212
0,616208499876
1,31618406554
0,396165739788
0,616159631204
0,35615352262
1,43614130545
0,656135196868
0,696129088284
1,39611687112
0,656110762532
0,356104653948
0,656098545364
0,39609243678
0,616086328196
0,316080219612
0,616074111028
0,356068002444
0,31606189386
0,316055785276
0,396049676692
0,315921396428
1,31590917926
0,275872527756
0,655829767668
1,39582365908
1,8558175505
1,31581144192
0,655793116164
1,31575646466
0,615750356076
1,69574424749
1,73573813891
1,35572592174
0,395713704572
0,435707595988
0,235701487404
0,435640401564
0,39563429298
0,355628184396
0,655609858644
0,27560375006
0,435597641476
0,235591532892
0,395585424308
0,315579315724
0,35557320714
0,315567098556
0,435560989972
0,275554881388
0,355548772804
0,27554266422
0,395536555636
0,235530447052
0,315524338468
0,275518229884
0,3955121213
0,275506012716
0,395499904132
0,235493795548
0,435487686964
0,77548157838
0,655475469796
0,935469361212
0,775457144044
0,65545103546
0,355444926876
0,775432709708
0,615426601124
0,35542049254
0,735408275372
0,695402166788
0,395396058204
0,695383841036
0,615377732452
0,395371623868
0,6953594067
0,655353298116
0,355347189532
0,355341080948
0,395334972364
0,23532886378
0,615322755196
0,355316646612
0,355310538028
0,275304429444
0,43529832086
0,395292212276
0,395286103692
1,39527999511
0,655273886524
0,35526777794
0,615261669356
0,235255560772
0,395249452188
0,615243343604
0,39523723502
0,235231126436
0,435225017852
0,315218909268
0,615212800684
0,2752066921
0,435200583516
0,355194474932
0,615188366348
0,435182257764
0,31517614918
0,395163932012
0,775157823428
0,355151714844
0,73514560626
0,435139497676
0,655133389092
0,315127280508
0,39511506334
0,615108954756
0,315102846172
0,395090629004
0,85508452042
0,315078411836
0,435066194668
0,655060086084
0,3150539775
0,695047868916
0,355041760332
0,355029543164
0,69502343458
0,355017325996
0,695011217412
0,435005108828
0,814999000244
0,35499289166
0,434986783076
0,314980674492
0,654974565908
0,354968457324
0,61496234874
0,354956240156
0,814950131572
0,394944022988
0,394937914404
0,69493180582
0,774925697236
0,354919588652
0,394913480068
0,694907371484
0,3549012629
0,694895154316
0,434889045732
0,854882937148
0,394876828564
0,69487071998
0,434864611396
0,694858502812
0,434852394228
0,314846285644
0,65484017706
0,354834068476
0,354827959892
1,43468746246
1,61467524529
1,39466302812
0,694620268036
1,35461415945
0,6545958337
1,43458972512
0,31456529078
0,434559182196
0,354553073612
0,854540856444
0,734522530692
0,234516422108
0,394498096356
0,354491987772
0,654485879188
0,274479770604
0,39447366202
0,314467553436
0,434461444852
0,814455336268
0,654449227684
0,4344431191
0,694430901932
0,614424793348
0,434418684764
0,734406467596
0,614400359012
0,434394250428
0,434388141844
0,81438203326
0,614375924676
0,814369816092
0,434363707508
0,39419877574
0,614192667156
0,354186558572
0,31416823282
0,654156015652
1,35414990707
0,654131581316
0,614125472732
0,35410714698
0,354101038396
0,434088821228
0,394082712644
0,434064386892
0,654058278308
0,354052169724
0,394039952556
0,354033843972
0,354027735388
0,65389334654
1,39388723796
1,85388112937
1,35385669504
1,93383836928
1,3538322607
0,733820043532
0,433813934948
0,613789500612
0,653777283444
0,653765066276
0,653758957692
0,273746740524
1,73374063194
1,61373452336
0,273722306188
0,39371008902
1,43369787185
1,15367343752
0,733667328932
0,393661220348
0,27364900318
1,1136428946
0,433636786012
0,273624568844
0,73361846026
0,433612351676
0,273600134508
0,733594025924
0,39358791734
0,693581808756
0,273575700172
0,353569591588
0,233563483004
0,65355737442
0,313551265836
0,733545157252
0,273539048668
0,353532940084
0,3935268315
0,273520722916
0,313514614332
0,393508505748
0,353502397164
0,39349628858
0,193490179996
0,613484071412
0,353477962828
0,353471854244
0,61346574566
0,433459637076
0,273453528492
0,433447419908
0,233441311324
0,43343520274
0,853429094156
0,613422985572
0,433416876988
0,73340465982
0,733398551236
0,353392442652
0,773380225484
0,6933741169
0,693368008316
1,89320918513
0,613196967964
1,43319085938
0,693184750796
0,353178642212
0,693166425044
0,693148099292
1,39313588212
0,69312977354
0,353105339204
0,353080904868
1,23307479628
0,653056470532
0,313050361948
0,693032036196
1,35301371044
1,73297705894
0,692964841772
0,732952624604
0,35294651602
0,312940407436
0,612934298852
0,352928190268
0,732922081684
0,3529159731
0,352909864516
0,392903755932
0,852897647348
1,11276936708
0,652751041332
0,352744932748
0,612738824164
0,65273271558
0,272720498412
0,652708281244
1,73268995549
0,272647195404
0,312598326732
0,392586109564
0,392573892396
0,812567783812
1,43256167523
0,27254945806
0,73251891514
0,392506697972
0,392494480804
0,77248837222
0,612482263636
0,652476155052
0,392470046468
0,272463937884
0,3924578293
0,352451720716
0,312445612132
0,352439503548
0,352433394964
0,35242728638
0,352421177796
0,232415069212
0,692402852044
0,65239674346
0,432390634876
0,692378417708
1,11237230912
0,39236620054
0,692353983372
0,652347874788
0,352341766204
0,652329549036
0,732323440452
0,392317331868
0,6523051147
0,612299006116
0,392292897532
0,432158508684
0,2721524001
0,392134074348
0,692127965764
0,612109640012
0,692103531428
1,35209742284
0,392079097092
1,43206077134
0,3119996855
0,351963033996
1,61195692541
1,39193859966
0,651920273908
0,351914165324
0,39190805674
0,351901948156
0,731895839572
0,351889730988
0,691883622404
0,35187751382
0,731871405236
0,311865296652
0,611859188068
0,391853079484
0,8518469709
1,31172479922
1,77171258205
1,27170036488
0,6916942563
0,431688147716
1,27168203913
0,351669821964
0,351657604796
0,391651496212
0,39163317046
0,731614844708
0,431584301788
0,651578193204
0,311547650284
0,8115415417
0,391535433116
0,391529324532
0,311523215948
0,431517107364
0,27151099878
0,431504890196
0,311498781612
0,431492673028
0,191486564444
0,69148045586
0,271474347276
0,431468238692
0,231462130108
0,31144991294
0,351443804356
0,231437695772
0,611431587188
0,351425478604
0,39141937002
0,231413261436
0,771223895332
0,391217786748
0,351211678164
0,65120556958
0,611181135244
1,35116280949
1,65114448374
1,35113837516
0,271126157988
0,231101723652
0,611095615068
0,311089506484
0,731071180732
0,43105285498
0,651028420644
0,310997877724
0,690979551972
1,73094900905
0,350936791884
0,3909306833
0,730924574716
0,430918466132
0,390912357548
0,430906248964
0,65090014038
0,810894031796
0,390887923212
0,350881814628
0,430875706044
0,85086959746
0,23071688286
0,610710774276
0,610692448524
1,7306619056
2,11064357985
0,610631362684
0,690613036932
1,43057027684
0,390558059676
1,65054584251
0,39053362534
1,61052140817
0,65050308242
0,310496973836
0,650478648084
0,2304725395
0,350466430916
0,310460322332
0,430454213748
0,270448105164
0,39044199658
0,610435887996
0,430429779412
0,230423670828
0,390417562244
0,27041145366
0,390405345076
0,270399236492
0,350393127908
0,230387019324
0,43038091074
0,270374802156
0,350368693572
0,230362584988
0,390356476404
0,73035036782
0,610344259236
0,430338150652
0,770325933484
0,6103198249
0,390313716316
0,730301499148
0,730295390564
0,43028928198
0,730277064812
0,690270956228
0,390264847644
0,610252630476
0,650246521892
0,350240413308
0,69022819614
0,610222087556
0,350215978972
0,77007548154
0,650069372956
0,390063264372
0,390057155788
1,43003272145
0,60998385278
2,3099777442
0,389928875524
0,349910549772
0,389886115436
0,6498616811
0,689849463932
0,649843355348
0,349837246764
0,38983113818
0,649825029596
0,609818921012
0,349812812428
0,609806703844
0,34980059526
0,389794486676
0,309788378092
0,609782269508
0,429776160924
0,84977005234
0,269763943756
0,389757835172
0,689751726588
0,349745618004
0,30973950942
0,609733400836
0,689727292252
0,429721183668
0,309715075084
0,6097089665
0,689702857916
0,349696749332
0,309690640748
0,649684532164
0,26967842358
0,309672314996
0,269666206412
0,609660097828
0,649653989244
0,34964788066
0,309641772076
0,609635663492
0,689629554908
0,309623446324
0,38961733774
0,849611229156
0,389605120572
0,349599011988
0,269592903404
0,60958679482
0,349580686236
0,309568469068
0,769562360484
0,6895562519
0,429550143316
0,269544034732
0,769537926148
0,389531817564
0,38952570898
1,34939742872
0,689391320132
1,60938521155
1,34937299438
0,229360777212
0,609354668628
0,269336342876
0,889324125708
1,38931190854
0,809299691372
0,609293582788
1,38927525704
0,609269148452
1,34926303987
0,3892508227
0,649244714116
0,389238605532
0,729226388364
0,60922027978
0,389214171196
0,769201954028
0,649195845444
0,42918973686
0,729183628276
1,22917751969
0,769171411108
0,389165302524
0,26915919394
1,34903702226
1,30901869651
2,30900037076
1,38898815359
2,26897593642
0,348957610668
1,648908742
1,64890263341
0,768896524828
0,648890416244
1,34887819908
1,30886598191
0,60885376474
0,388847656156
0,388835438988
0,68882322182
1,34880489607
0,688798787484
0,6487926789
0,388780461732
0,688774353148
0,608768244564
0,34876213598
0,388756027396
0,728749918812
0,388743810228
0,308737701644
0,60873159306
0,648725484476
0,608719375892
0,348713267308
0,608707158724
0,76870105014
0,348694941556
1,72856055271
0,768536118372
0,22851779262
1,38850557545
1,42849335828
