0,725925362559
0,345985231452
0,386104969238
0,346224707024
0,146284575917
0,26634444481
0,726404313703
0,186464182596
0,146524051489
0,306583920382
0,426703658168
0,146763527061
0,226823395954
0,42694313374
0,187003002633
1,18706287153
0,347182609312
0,147242478205
0,347302347098
0,347422084884
0,147481953777
0,26754182267
0,347661560456
0,147721429349
0,187781298242
0,427901036028
0,147960904921
0,348020773814
0,3881405116
0,148200380493
0,228260249386
0,848320118279
0,188379987172
0,148439856065
0,308499724958
0,808559593851
0,188619462744
0,188679331637
0,18873920053
0,188799069423
0,188858938316
0,188918807209
0,188978676102
0,189038544995
0,189098413888
0,189158282781
0,189218151674
0,189278020567
0,18933788946
0,189397758353
0,189457627246
0,189517496139
0,189577365032
0,189637233925
0,189697102818
0,189756971711
0,809996447283
0,810056316176
0,190116185069
0,190176053962
0,190235922855
0,730295791748
0,190355660641
0,230415529534
0,190475398427
0,730595136213
0,190655005106
0,150714873999
0,770834611785
0,190894480678
0,190954349571
0,731014218464
0,191074087357
0,19113395625
0,191193825143
0,731253694036
0,191313562929
0,191373431822
0,191433300715
0,651493169608
0,191553038501
0,191612907394
0,151672776287
0,65173264518
0,191792514073
0,191852382966
0,151912251859
0,691972120752
0,232031989645
0,192091858538
0,192151727431
0,23233133411
0,152391203003
0,472451071896
0,192510940789
0,192570809682
0,152630678575
0,652690547468
0,232750416361
0,192810285254
0,392870154147
0,19293002304
0,192989891933
0,153049760826
0,193109629719
1,15316949861
0,393229367505
0,193289236398
0,193349105291
0,193408974184
0,193468843077
0,19352871197
0,193588580863
0,193648449756
0,193708318649
0,193768187542
0,193828056435
0,193887925328
0,153947794221
0,154007663114
0,194067532007
0,1941274009
0,194187269793
0,194247138686
0,234307007579
0,194366876472
0,774426745365
0,154486614258
0,194546483151
0,194606352044
0,694666220937
0,19472608983
0,194785958723
0,194845827616
0,694905696509
0,194965565402
0,195025434295
0,195085303188
0,695145172081
0,195205040974
0,195264909867
0,19532477876
0,695384647653
0,195444516546
0,195504385439
0,195564254332
0,735624123225
0,155683992118
0,195743861011
0,195803729904
0,695863598797
0,19592346769
0,775983336583
0,196043205476
0,696103074369
0,196162943262
0,156222812155
0,196282681048
0,196342549941
0,156462287727
0,19652215662
0,656582025513
0,236641894406
0,736701763299
0,196761632192
0,896821501085
0,196881369978
0,736941238871
0,197001107764
0,697060976657
0,15712084555
0,737180714443
0,197240583336
0,197360321122
0,197420190015
0,237480058908
0,697539927801
0,197599796694
0,197659665587
0,19771953448
0,737779403373
0,197839272266
0,157899141159
0,197959010052
0,658018878945
0,238078747838
0,198138616731
0,198198485624
0,698258354517
0,39831822341
0,198378092303
0,198437961196
0,698497830089
0,158557698982
0,198617567875
0,198677436768
0,778737305661
0,158797174554
0,198857043447
0,19891691234
0,698976781233
0,479036650126
0,199096519019
0,199216256805
0,739276125698
0,199335994591
0,659395863484
0,239455732377
1,15951560127
0,239575470163
0,199635339056
0,819695207949
0,659755076842
1,44053337245
1,32059324134
0,400653110237
0,16071297913
0,480772848023
0,780832716916
0,160892585809
0,200952454702
1,1610123236
0,821072192488
0,321132061381
0,201191930274
0,481251799167
0,82131166806
0,201371536953
0,201431405846
1,20149127474
0,941551143632
0,201611012525
0,201670881418
0,701730750311
0,161790619204
0,661850488097
0,20191035699
0,201970225883
0,202030094776
0,662089963669
0,202149832562
0,202209701455
0,202269570348
0,162329439241
0,202389308134
0,202449177027
0,16250904592
0,662568914813
0,202628783706
0,202688652599
0,242748521492
0,742808390385
0,202868259278
0,202928128171
0,202987997064
0,703047865957
0,20310773485
0,203167603743
0,203227472636
0,703287341529
0,363347210422
0,203407079315
0,203466948208
0,163526817101
0,403586685994
0,203646554887
0,20370642378
0,743766292673
0,203826161566
0,203886030459
0,203945899352
0,704005768245
0,204065637138
0,204125506031
0,204185374924
0,744245243817
0,20430511271
0,204364981603
0,204424850496
0,164484719389
0,204544588282
0,204604457175
0,204664326068
0,704724194961
0,204784063854
0,164843932747
0,20490380164
0,204963670533
0,485023539426
0,205083408319
0,165143277212
0,205203146105
0,205263014998
0,705322883891
0,205382752784
0,705442621677
0,20550249057
0,705562359463
0,165622228356
0,705682097249
0,205741966142
0,205801835035
0,205861703928
0,705921572821
0,205981441714
0,166041310607
0,2061011795
0,746161048393
0,406220917286
0,666280786179
0,246340655072
0,746400523965
0,286460392858
0,246580130644
0,206639999537
0,20669986843
0,666759737323
0,246819606216
0,706879475109
0,206939344002
0,666999212895
0,207059081788
0,167118950681
0,207178819574
0,667238688467
0,24729855736
0,207358426253
0,207418295146
0,667478164039
0,207538032932
0,207597901825
0,707657770718
0,287717639611
0,167777508504
0,207837377397
0,20789724629
0,207957115183
0,208016984076
0,208076852969
0,168136721862
0,208196590755
0,208256459648
0,208316328541
0,668376197434
0,288436066327
0,20849593522
0,208555804113
1,20861567301
0,408675541899
0,168735410792
0,208795279685
0,708855148578
0,368915017471
1,20903475526
0,40909462415
0,209154493043
0,209214361936
0,209274230829
0,209334099722
0,209393968615
0,949513706401
0,369573575294
0,209633444187
0,949753181973
0,369813050866
0,329872919759
2,33011239533
1,17023213312
0,33029200201
0,210351870903
0,790471608689
0,210531477582
0,170591346475
0,830711084261
0,170770953154
0,170830822047
0,910950559833
0,211010428726
0,211070297619
0,911190035405
0,171249904298
0,211309773191
1,17142951098
0,25148937987
0,211549248763
0,211728855442
0,171788724335
0,211908462121
0,171968331014
0,212028199907
0,2120880688
0,712147937693
0,212207806586
0,212267675479
0,212327544372
0,712387413265
0,172447282158
0,212507151051
0,252567019944
0,712626888837
0,21268675773
0,212746626623
0,212806495516
0,712866364409
0,212926233302
0,212986102195
0,253105839981
0,173165708874
0,213225577767
0,25328544666
0,213345315553
0,753405184446
0,413465053339
0,753524922232
0,213584791125
0,753644660018
0,413704528911
0,713764397804
0,213824266697
0,213944004483
0,714003873376
0,254063742269
0,714123611162
0,674183480055
0,714243348948
1,25430321784
0,754363086734
0,494422955627
0,71448282452
0,254542693413
0,714602562306
0,494662431199
0,254722300092
0,254782168985
0,214842037878
0,254901906771
0,214961775664
0,255021644557
0,25508151345
0,215141382343
0,215201251236
0,255261120129
0,255320989022
0,255380857915
0,255440726808
0,215500595701
0,255560464594
0,255620333487
0,25568020238
0,255740071273
0,255799940166
0,255859809059
0,255919677952
0,715979546845
0,256039415738
0,216099284631
0,256159153524
0,216219022417
0,49627889131
0,296338760203
0,256398629096
0,216458497989
0,376518366882
0,256578235775
0,256638104668
0,256697973561
0,716757842454
0,256817711347
0,25687758024
0,256937449133
0,496997318026
0,257057186919
0,217117055812
0,257176924705
0,497236793598
0,257296662491
0,257356531384
0,217416400277
0,25747626917
0,677536138063
0,257596006956
0,217655875849
0,257715744742
0,997775613635
0,257835482528
0,257895351421
0,257955220314
0,718015089207
0,2580749581
0,718134826993
0,258194695886
0,718254564779
0,258314433672
0,218374302565
0,258434171458
0,718494040351
0,218553909244
0,718613778137
0,25867364703
0,718733515923
0,258793384816
0,758853253709
0,258913122602
0,678972991495
0,259032860388
0,499092729281
0,719152598174
0,259212467067
0,21927233596
0,719332204853
0,259392073746
0,259451942639
0,259511811532
0,759571680425
0,299631549318
0,219691418211
0,259751287104
0,719811155997
0,25987102489
0,219930893783
0,679990762676
0,500050631569
0,260110500462
0,220170369355
0,260230238248
0,720290107141
0,260349976034
0,260409844927
0,26046971382
0,720529582713
0,220589451606
0,260649320499
0,220709189392
0,680769058285
0,260828927178
0,260888796071
0,760948664964
0,761008533857
0,26106840275
0,721128271643
0,261188140536
0,721248009429
0,261307878322
0,761367747215
0,261427616108
0,261487485001
0,501547353894
0,761607222787
0,26166709168
0,681726960573
0,221786829466
0,261846698359
0,261906567252
0,261966436145
0,222026305038
0,262086173931
1,22214604282
0,382205911717
0,26226578061
0,262325649503
0,342445387289
0,222505256182
0,262565125075
0,262624993968
0,682684862861
0,262744731754
0,262804600647
0,26286446954
0,682924338433
0,262984207326
0,263044076219
0,303163814005
0,223223682898
0,263283551791
0,223403289577
0,68346315847
0,263523027363
0,263582896256
0,683642765149
0,263702634042
0,263762502935
0,263822371828
0,683882240721
0,263942109614
0,264001978507
0,2640618474
0,684121716293
0,224181585186
0,264241454079
0,264301322972
0,264361191865
0,684421060758
0,264480929651
0,264600667437
0,22466053633
0,264720405223
0,684780274116
0,264840143009
0,264900011902
0,724959880795
0,725019749688
0,265079618581
0,265139487474
0,685199356367
0,68525922526
0,265319094153
0,265378963046
0,265438831939
0,725498700832
0,225558569725
0,265618438618
0,465678307511
0,725738176404
0,265798045297
0,26585791419
0,685917783083
0,725977651976
0,266037520869
0,266097389762
0,686157258655
0,306217127548
0,266276996441
0,226336865334
0,266396734227
0,76645660312
0,266516472013
0,266576340906
0,266636209799
0,686696078692
0,266755947585
0,266815816478
0,466875685371
0,266935554264
0,266995423157
0,26705529205
0,507115160943
0,687175029836
0,267234898729
0,267294767622
0,427354636515
0,727414505408
0,267474374301
0,227534243194
0,467594112087
0,26765398098
0,227713849873
0,267773718766
0,727833587659
0,347893456552
0,267953325445
0,268013194338
0,268073063231
0,268132932124
0,228192801017
0,26825266991
0,268312538803
0,268372407696
0,228432276589
0,268492145482
0,508552014375
0,268611883268
0,268671752161
0,228731621054
0,688791489947
0,26885135884
0,228911227733
0,268971096626
0,729030965519
0,309090834412
0,269150703305
0,429210572198
0,729270441091
0,269330309984
0,269390178877
0,50945004777
0,729509916663
0,269569785556
0,229629654449
0,269689523342
0,729749392235
0,269809261128
0,229869130021
0,269928998914
0,729988867807
0,2700487367
0,270108605593
0,270168474486
0,730228343379
0,270288212272
0,270348081165
0,270407950058
0,690467818951
0,270527687844
0,270587556737
0,27064742563
0,270707294523
0,230767163416
0,270827032309
0,270886901202
0,690946770095
0,311006638988
0,271066507881
0,271126376774
0,271186245667
0,81124611456
0,351305983453
0,271365852346
0,271425721239
0,271485590132
0,271545459025
0,231605327918
0,771665196811
0,271725065704
0,731784934597
0,73184480349
0,271904672383
0,271964541276
0,272024410169
0,272084279062
0,232144147955
0,272204016848
0,272263885741
0,272323754634
1,01244349242
0,512503361313
0,272563230206
0,692623099099
0,272682967992
0,272742836885
0,272802705778
0,232862574671
0,272922443564
0,272982312457
0,27304218135
0,233102050243
0,273161919136
0,273221788029
0,233281656922
0,233341525815
0,273401394708
0,733461263601
0,273521132494
0,273581001387
1,19364087028
0,693700739173
0,813760608066
0,273820476959
0,273880345852
0,733940214745
0,274000083638
0,274059952531
0,274119821424
0,274179690317
0,23423955921
0,274299428103
0,234359296996
0,274419165889
0,274479034782
0,274538903675
0,274598772568
0,734658641461
0,274718510354
0,274778379247
1,23483824814
0,394898117033
0,234957985926
0,275017854819
1,47507772371
0,735137592605
0,275197461498
0,235257330391
0,235317199284
0,275377068177
0,23543693707
0,275496805963
0,815556674856
0,395616543749
0,235676412642
0,235736281535
1,43579615043
0,735856019321
0,275915888214
0,275975757107
0,236035626
0,276095494893
0,236155363786
0,276215232679
0,736275101572
0,236334970465
0,276394839358
0,776454708251
0,356514577144
0,276574446037
0,27663431493
0,276694183823
0,276754052716
0,236813921609
0,276873790502
0,736933659395
0,316993528288
0,237053397181
0,277113266074
0,277173134967
0,27723300386
0,277292872753
0,277352741646
0,517412610539
0,277472479432
0,237532348325
0,277592217218
0,737652086111
0,317711955004
0,277771823897
0,27783169279
0,477891561683
0,277951430576
0,278011299469
0,278071168362
0,698131037255
0,278190906148
0,698250775041
0,278310643934
0,278370512827
0,27843038172
1,27849025061
0,738550119506
0,278609988399
0,278669857292
0,278729726185
0,238789595078
0,278849463971
0,278909332864
0,698969201757
0,27902907065
0,699088939543
0,279148808436
0,239208677329
0,519268546222
0,739328415115
0,279388284008
0,239448152901
0,739508021794
0,699567890687
0,27962775958
0,239687628473
0,279747497366
0,739807366259
0,279867235152
0,739927104045
0,519986972938
0,740046841831
0,280106710724
0,240166579617
0,52022644851
0,240286317403
0,280346186296
0,240406055189
0,520465924082
0,780525792975
0,280585661868
0,280645530761
0,280705399654
0,700765268547
0,28082513744
0,280885006333
0,280944875226
0,241004744119
0,281064613012
0,281124481905
1,2811843508
0,741244219691
0,281304088584
0,281363957477
0,24142382637
0,241483695263
0,281543564156
0,281603433049
0,281663301942
0,701723170835
0,281783039728
0,281842908621
0,281902777514
0,281962646407
0,2820225153
0,242082384193
0,282142253086
0,282202121979
0,282261990872
0,282321859765
0,282381728658
0,702441597551
0,282501466444
0,282561335337
0,28262120423
0,282681073123
0,282740942016
0,282800810909
0,282860679802
0,242920548695
0,282980417588
0,283040286481
0,283100155374
0,703160024267
0,28321989316
0,283279762053
0,283339630946
0,243399499839
0,283459368732
0,783519237625
0,283579106518
0,283638975411
0,283698844304
0,703758713197
0,24381858209
0,243878450983
0,283938319876
0,703998188769
0,284058057662
0,284117926555
0,284177795448
1,02423766434
0,244297533234
0,284357402127
0,28441727102
0,744477139913
0,244537008806
0,284596877699
0,284656746592
0,744716615485
0,284776484378
0,284836353271
1,32489622216
0,484956091057
0,24501595995
0,245075828843
0,745135697736
0,285195566629
0,245255435522
0,285315304415
1,44537517331
0,705435042201
0,245494911094
0,285554779987
0,70561464888
0,245674517773
0,285734386666
0,285794255559
0,705854124452
0,285913993345
0,245973862238
0,286033731131
0,746093600024
0,286153468917
0,24621333781
0,286273206703
0,286333075596
0,286392944489
0,286452813382
0,746512682275
0,286572551168
0,246632420061
0,286692288954
0,706752157847
0,24681202674
0,286871895633
0,286931764526
0,746991633419
0,327051502312
0,287111371205
0,287171240098
0,747231108991
0,327290977884
0,247350846777
0,28741071567
0,707470584563
0,287530453456
0,247590322349
0,287650191242
0,747710060135
0,327769929028
0,247829797921
0,287889666814
0,487949535707
0,2880094046
0,288069273493
0,288129142386
0,248248880172
0,288308749065
0,248368617958
0,288428486851
0,288488355744
0,748548224637
0,28860809353
0,288667962423
0,288727831316
0,748787700209
0,288847569102
0,288907437995
0,288967306888
0,749027175781
0,289087044674
0,249146913567
0,28920678246
0,289266651353
0,709326520246
0,249386389139
0,289446258032
0,249506126925
0,709565995818
0,749625864711
0,289685733604
0,249745602497
0,52980547139
0,749865340283
0,289925209176
0,249985078069
0,410044946962
0,830104815855
0,290164684748
0,250224553641
0,530284422534
0,290344291427
0,29040416032
0,250464029213
0,750523898106
0,750583766999
0,290643635892
0,290703504785
0,290763373678
0,290823242571
0,290883111464
0,250942980357
0,29100284925
0,251062718143
0,531122587036
0,291182455929
0,291242324822
0,291302193715
0,291362062608
0,291421931501
0,291481800394
0,291541669287
0,29160153818
0,291661407073
0,251721275966
0,291781144859
0,291841013752
0,291900882645
0,291960751538
0,292020620431
0,292080489324
0,292140358217
0,29220022711
0,752260096003
0,292319964896
0,292379833789
0,292439702682
0,292499571575
0,292559440468
0,292619309361
0,252679178254
0,252739047147
0,29279891604
0,292858784933
0,292918653826
0,292978522719
1,25303839161
0,713098260505
0,293158129398
0,293217998291
0,293277867184
0,293337736077
0,29339760497
0,213457473863
0,293517342756
0,753577211649
0,253637080542
0,293696949435
0,293756818328
0,753816687221
0,253876556114
0,293936425007
0,2939962939
0,754056162793
0,254116031686
0,294175900579
0,294235769472
0,714295638365
0,294355507258
0,294415376151
0,294475245044
0,714535113937
0,25459498283
0,294654851723
0,294714720616
0,714774589509
0,294834458402
0,294894327295
0,754954196188
0,295014065081
0,255073933974
0,295133802867
0,75519367176
0,255253540653
0,255313409546
0,295373278439
0,335493016225
0,255552885118
0,295612754011
0,755672622904
0,715732491797
0,29579236069
0,295852229583
0,795912098476
0,415971967369
0,256031836262
0,296091705155
1,29615157405
0,416211442941
0,256271311834
0,296331180727
0,29639104962
0,296450918513
0,296510787406
0,756570656299
0,296630525192
0,296690394085
0,296750262978
0,716810131871
0,296870000764
0,296929869657
0,29698973855
0,717049607443
0,297109476336
0,257169345229
0,297229214122
0,717289083015
0,297348951908
0,297408820801
0,297468689694
0,797528558587
0,33758842748
0,297648296373
0,297708165266
0,757768034159
0,297827903052
0,257887771945
0,297947640838
0,298007509731
0,298067378624
0,758127247517
0,25818711641
0,298246985303
0,298306854196
0,298366723089
0,258426591982
0,298486460875
0,298546329768
0,758606198661
0,298666067554
0,298725936447
0,29878580534
0,298845674233
0,298905543126
0,298965412019
0,299025280912
0,259085149805
0,299145018698
0,759204887591
0,299264756484
0,259324625377
0,49938449427
0,719444363163
0,299504232056
0,259564100949
0,539623969842
0,759683838735
0,299743707628
0,259803576521
0,719863445414
0,759923314307
0,2999831832
0,260043052093
0,300102920986
0,760162789879
0,300222658772
0,260282527665
0,720342396558
0,760402265451
0,300462134344
0,260522003237
0,54058187213
0,500701609916
0,300761478809
0,300821347702
0,300881216595
0,300941085488
0,301000954381
0,301060823274
0,261120692167
0,30118056106
0,721240429953
0,301300298846
0,301360167739
0,761420036632
0,301479905525
0,301539774418
0,301599643311
0,301659512204
0,301719381097
0,76177924999
0,301839118883
0,301898987776
0,301958856669
0,262018725562
0,302078594455
0,302138463348
0,302198332241
0,302258201134
0,722318070027
0,30237793892
0,302437807813
0,262497676706
0,722557545599
0,302617414492
0,302677283385
0,302737152278
0,302797021171
1,26285689006
0,842916758957
0,42297662785
0,303036496743
0,303096365636
0,303156234529
0,763216103422
0,263275972315
0,303335841208
0,303395710101
0,303455578994
0,303515447887
0,30357531678
0,763635185673
0,303695054566
0,303754923459
0,303814792352
0,763874661245
0,303934530138
0,303994399031
0,304054267924
0,304114136817
0,26417400571
0,304233874603
0,304293743496
0,264353612389
0,724413481282
0,304473350175
0,304533219068
0,804593087961
0,264652956854
0,304712825747
0,30477269464
0,724832563533
0,304892432426
0,304952301319
0,725012170212
0,305072039105
0,265131907998
0,305191776891
0,765251645784
0,305311514677
0,26537138357
0,305431252463
0,765491121356
0,305550990249
0,265610859142
0,305670728035
0,305730596928
0,305790465821
0,265850334714
0,305910203607
0,7259700725
0,306029941393
0,266089810286
0,306149679179
0,726209548072
0,306269416965
0,546329285858
0,266389154751
0,306449023644
0,306508892537
0,30656876143
0,726628630323
0,306688499216
0,306748368109
0,306808237002
0,726868105895
0,306927974788
0,306987843681
0,307047712574
0,807107581467
0,30716745036
0,267227319253
0,307287188146
0,727347057039
0,307406925932
0,267466794825
0,307526663718
0,767586532611
0,307646401504
0,267706270397
0,30776613929
0,727826008183
0,307885877076
0,307945745969
0,308005614862
0,268065483755
0,308125352648
0,268185221541
0,308245090434
0,308304959327
0,30836482822
0,268424697113
0,308484566006
1,3085444349
0,728604303792
0,308664172685
0,308724041578
0,768783910471
0,348843779364
0,268903648257
0,30896351715
0,269023386043
0,309083254936
0,309143123829
0,309202992722
0,769262861615
0,269322730508
0,309382599401
0,549442468294
0,309502337187
0,30956220608
0,269622074973
0,549681943866
0,769741812759
0,309801681652
0,269861550545
0,549921419438
0,809981288331
0,310041157224
0,270101026117
0,51016089501
0,770220763903
0,310280632796
0,310340501689
0,770400370582
0,390460239475
0,310520108368
0,270579977261
0,770639846154
0,850699715047
0,31075958394
0,310819452833
0,270879321726
0,310939190619
0,310999059512
0,311058928405
1,0111187973
0,391178666191
0,311238535084
0,311298403977
0,73135827287
0,311418141763
0,311478010656
0,311537879549
0,771597748442
0,311657617335
0,311717486228
0,311777355121
0,311837224014
0,311897092907
0,3119569618
0,732016830693
0,312076699586
0,312136568479
1,31219643737
0,852256306265
0,352316175158
0,732376044051
0,312435912944
0,312495781837
0,31255565073
0,312615519623
0,312675388516
0,732735257409
0,272795126302
0,312854995195
0,312914864088
0,272974732981
0,313034601874
0,273094470767
1,23315433966
0,733214208553
0,313333946339
0,313393815232
0,313453684125
0,273513553018
0,313573421911
0,273633290804
0,813693159697
0,27375302859
0,313812897483
1,31387276638
0,773932635269
0,313992504162
0,314052373055
0,314112241948
0,774172110841
0,274231979734
0,314291848627
0,434411586413
0,314471455306
0,314531324199
0,314591193092
0,774651061985
0,314710930878
0,314770799771
0,314830668664
0,734890537557
0,31495040645
0,315010275343
0,315070144236
0,315130013129
0,315189882022
0,315249750915
0,315309619808
0,515369488701
0,275429357594
0,315489226487
0,31554909538
0,775608964273
0,275668833166
0,315728702059
0,275788570952
0,315848439845
0,275908308738
0,315968177631
1,27602804652
0,776087915417
0,27614778431
0,316207653203
0,736267522096
0,316327390989
0,276387259882
0,316447128775
0,316506997668
0,276566866561
0,316626735454
0,516686604347
0,27674647324
0,316806342133
0,316866211026
0,316926079919
0,316985948812
0,317045817705
0,317105686598
0,777165555491
0,357225424384
0,317285293277
0,31734516217
0,317405031063
0,277464899956
0,317524768849
0,317584637742
0,317644506635
0,317704375528
0,277764244421
0,317824113314
0,317883982207
0,3179438511
0,278003719993
0,318063588886
0,558123457779
0,318183326672
0,978243195565
0,318303064458
0,278362933351
0,318422802244
0,738482671137
0,31854254003
0,318602408923
0,318662277816
0,318722146709
0,318782015602
0,278841884495
0,318901753388
0,278961622281
0,319021491174
0,319081360067
0,31914122896
0,779201097853
0,319260966746
0,279320835639
0,319380704532
0,279440573425
0,559500442318
0,779560311211
0,319620180104
0,279680048997
0,43973991789
0,739799786783
0,319859655676
0,279919524569
0,739979393462
0,320039262355
0,280099131248
0,320159000141
0,740218869034
0,740278737927
0,32033860682
0,280398475713
0,740458344606
0,280518213499
0,320578082392
0,280637951285
0,740697820178
0,780757689071
0,320817557964
0,320877426857
0,28093729575
1,32099716464
0,741057033536
0,321116902429
0,321176771322
0,321236640215
0,321296509108
0,281356378001
0,321416246894
0,321476115787
0,32153598468
0,321595853573
0,321655722466
0,321715591359
0,321775460252
0,321835329145
0,321895198038
0,781955066931
0,322014935824
0,322074804717
0,98213467361
0,322194542503
0,322254411396
0,322314280289
0,322374149182
0,282434018075
0,322493886968
0,322553755861
0,322613624754
0,282673493647
0,32273336254
0,322793231433
0,322853100326
0,322912969219
0,322972838112
0,323032707005
0,323092575898
0,283152444791
0,323212313684
0,323272182577
0,32333205147
0,283391920363
0,323451789256
0,323511658149
0,323571527042
0,323631395935
0,323691264828
0,783751133721
0,283811002614
0,283870871507
0,3239307404
0,783990609293
0,324050478186
0,324110347079
0,324170215972
0,784230084865
0,324289953758
0,324349822651
0,324409691544
0,824469560437
0,28452942933
0,324589298223
0,324649167116
0,744709036009
0,284768904902
0,324828773795
0,284888642688
0,744948511581
0,285008380474
0,325068249367
0,74512811826
0,325187987153
0,285247856046
0,325307724939
0,285367593832
0,325427462725
0,745487331618
0,325547200511
0,325607069404
0,285666938297
0,32572680719
0,325786676083
0,785846544976
0,325906413869
0,285966282762
0,286026151655
1,06608602055
0,366145889441
0,286205758334
0,326265627227
0,74632549612
0,326385365013
0,286445233906
0,326505102799
0,286564971692
0,326624840585
0,326684709478
0,326744578371
0,326804447264
0,326864316157
0,32692418505
0,326984053943
0,327043922836
0,327103791729
0,327163660622
0,747223529515
0,327283398408
0,327343267301
0,327403136194
0,787463005087
0,40752287398
0,327582742873
0,327642611766
0,747702480659
0,367762349552
0,327822218445
0,287882087338
0,327941956231
0,328001825124
0,288061694017
0,32812156291
0,288181431803
0,288241300696
0,288301169589
0,328361038482
0,328420907375
0,328480776268
0,328540645161
0,328600514054
0,328660382947
0,74872025184
0,328780120733
0,328839989626
0,328899858519
0,328959727412
0,289019596305
0,329079465198
0,749139334091
0,329199202984
0,289259071877
0,32931894077
0,329378809663
0,329438678556
0,289498547449
0,329558416342
0,749618285235
0,329678154128
0,329738023021
0,329797891914
0,749857760807
0,3299176297
0,289977498593
0,330037367486
1,25009723638
0,370157105272
0,290216974165
0,790276843058
0,750336711951
0,330396580844
0,290456449737
0,79051631863
0,790576187523
0,330636056416
0,290695925309
0,330755794202
0,790815663095
0,290875531988
0,330935400881
0,330995269774
0,331055138667
0,33111500756
0,331174876453
0,291234745346
0,331294614239
0,331354483132
0,331414352025
0,331474220918
0,331534089811
0,331593958704
0,331653827597
0,33171369649
0,331773565383
0,331833434276
0,291893303169
0,331953172062
0,332013040955
0,332072909848
0,332132778741
0,292192647634
0,332252516527
0,33231238542
0,332372254313
0,332432123206
0,332491992099
0,332551860992
0,292611729885
0,332671598778
0,792731467671
0,332791336564
0,332851205457
0,33291107435
0,292970943243
0,333030812136
0,293090681029
0,293150549922
0,753210418815
0,333270287708
0,753330156601
0,333390025494
0,333449894387
0,33350976328
0,333569632173
0,333629501066
0,753689369959
0,333749238852
0,293868976638
0,333928845531
0,293988714424
0,794048583317
0,29410845221
0,334168321103
0,334228189996
0,794288058889
0,294347927782
0,334407796675
0,334467665568
0,294527534461
0,794587403354
0,334647272247
0,33470714114
0,794767010033
0,334826878926
0,334886747819
0,334946616712
0,755006485605
0,295066354498
0,335126223391
0,755186092284
0,335245961177
0,29530583007
0,335365698963
0,335485436749
0,575545305642
0,335605174535
0,335665043428
0,335724912321
0,295784781214
0,295844650107
0,795904519
0,415964387893
0,296024256786
0,336084125679
0,796143994572
0,336203863465
0,296263732358
0,336323601251
0,296383470144
0,336443339037
0,29650320793
0,336563076823
0,336622945716
0,336682814609
0,336742683502
0,756802552395
0,416862421288
0,336922290181
0,336982159074
0,337042027967
0,33710189686
0,337161765753
0,337221634646
0,757281503539
0,337341372432
0,337401241325
0,337461110218
0,337520979111
0,337580848004
0,337640716897
0,33770058579
0,757760454683
0,337820323576
0,337880192469
0,337940061362
0,337999930255
0,298059799148
0,338119668041
0,338179536934
0,338239405827
0,33829927472
0,758359143613
0,338419012506
0,338478881399
0,338538750292
0,298598619185
0,338658488078
0,338718356971
0,298778225864
0,298838094757
0,33889796365
0,298957832543
0,759017701436
0,299077570329
0,339137439222
0,919197308115
0,339257177008
0,339317045901
0,339376914794
0,339436783687
0,33949665258
0,299556521473
0,579616390366
0,759676259259
0,339736128152
0,299795997045
0,339855865938
0,259915734831
0,339975603724
0,300035472617
0,50009534151
0,920155210403
0,340215079296
0,300274948189
0,580334817082
0,800394685975
0,340454554868
0,340514423761
0,760574292654
0,840634161547
0,34069403044
0,300753899333
0,760813768226
0,380873637119
0,340933506012
0,340993374905
0,801053243798
0,341113112691
0,341172981584
0,341232850477
0,34129271937
0,341352588263
0,341412457156
0,341472326049
0,841532194942
0,301592063835
0,341651932728
0,341711801621
0,761771670514
0,341831539407
0,3418914083
0,301951277193
0,342011146086
0,342071014979
0,342130883872
0,342190752765
0,302250621658
0,302310490551
0,342370359444
0,342430228337
0,34249009723
0,302549966123
1,26260983502
0,802669703909
0,342729572802
0,802789441695
0,342849310588
0,342909179481
0,302969048374
0,803028917267
0,34308878616
0,343148655053
0,343208523946
0,343268392839
0,343328261732
0,303388130625
1,04344799952
0,383507868411
0,343567737304
0,343627606197
0,30368747509
0,343747343983
0,343807212876
0,343867081769
0,763926950662
0,343986819555
0,344046688448
0,764106557341
0,304166426234
0,344226295127
0,34428616402
0,764346032913
0,344405901806
0,344465770699
0,344585508485
0,304645377378
0,344705246271
0,344765115164
0,764824984057
0,34488485295
