0,806698512004
0,30667036384
0,266642215676
0,426614067512
1,26658591935
0,646557771184
0,26652962302
0,346501474856
1,26647332669
0,646445178528
0,306417030364
0,4663888822
0,426332585872
0,266304437708
0,466276289544
0,46624814138
0,426219993216
0,266191845052
0,386163696888
0,466135548724
0,42610740056
0,266079252396
0,306051104232
1,26602295607
0,645994807904
0,26596665974
0,465938511576
0,465910363412
0,465882215248
0,725854067084
0,34582591892
0,685797770756
0,305769622592
0,265741474428
0,425713326264
0,6456851781
0,305657029936
0,305628881772
0,265600733608
0,345572585444
0,34554443728
0,345516289116
0,305488140952
0,345459992788
0,725431844624
0,68540369646
1,3453755483
0,685347400132
0,345319251968
0,345291103804
0,30526295564
0,345234807476
0,345206659312
0,345178511148
0,305150362984
0,38512221482
0,425094066656
0,965009622164
0,424981474
0,264953325836
0,684925177672
0,304897029508
0,304868881344
0,26484073318
0,384812585016
0,304784436852
0,264756288688
0,304728140524
0,38469999236
0,764671844196
0,304643696032
0,224615547868
0,344587399704
0,34455925154
0,304531103376
0,304502955212
0,344474807048
0,304446658884
0,30441851072
0,264390362556
0,344362214392
0,304334066228
0,724305918064
1,3042777699
0,724249621736
0,304221473572
1,34419332541
0,724165177244
0,38413702908
0,304108880916
0,764080732752
0,684052584588
0,344024436424
0,38399628826
0,803939991932
0,423911843768
0,303883695604
0,68385554744
0,723827399276
0,343799251112
0,343771102948
0,723742954784
0,72371480662
0,683686658456
0,683658510292
0,343630362128
0,303602213964
0,3035740658
0,343545917636
1,64351776947
1,30348962131
0,723461473144
0,34343332498
0,303405176816
0,343377028652
0,303348880488
0,383320732324
0,30329258416
0,343264435996
0,303236287832
0,343208139668
0,303179991504
0,30315184334
0,263123695176
0,343095547012
0,343067398848
0,303039250684
0,34301110252
0,382982954356
0,302954806192
0,222926658028
0,302898509864
0,2628703617
0,342842213536
0,302814065372
0,342785917208
0,262757769044
0,34272962088
0,262701472716
0,342673324552
0,262645176388
0,382617028224
0,30258888006
0,342560731896
0,262532583732
0,342504435568
0,722476287404
0,34244813924
0,342419991076
0,342391842912
0,262363694748
0,302335546584
0,26230739842
0,342279250256
0,802251102092
0,382222953928
0,802194805764
0,3421666576
0,262138509436
0,342110361272
0,342082213108
0,342054064944
0,34202591678
0,301997768616
0,721969620452
0,681941472288
0,261913324124
0,38188517596
0,761857027796
0,341828879632
0,681800731468
0,341772583304
0,26174443514
0,341716286976
0,261688138812
0,301659990648
0,761631842484
0,34160369432
0,261575546156
0,301547397992
0,301519249828
0,381491101664
0,3014629535
0,261434805336
0,721406657172
0,341378509008
0,221350360844
0,30132221268
0,301294064516
0,341265916352
0,261237768188
0,341209620024
0,76118147186
0,341153323696
0,261125175532
0,641097027368
0,301068879204
0,34104073104
0,261012582876
0,260984434712
0,340956286548
0,340928138384
0,30089999022
0,720871842056
0,300843693892
0,340815545728
0,220787397564
0,9207592494
0,340731101236
0,260702953072
0,300674804908
0,760646656744
0,34061850858
0,300590360416
0,720562212252
0,800534064088
0,800505915924
0,80047776776
0,300449619596
0,340421471432
2,22008369346
1,6800555453
1,14002739714
0,679999248972
0,299971100808
1,21994295264
0,45991480448
0,299886656316
0,339858508152
1,25983035999
0,639802211824
0,45977406366
0,299745915496
1,21971776733
0,639689619168
0,299661471004
0,33963332284
1,29960517468
0,759577026512
0,339548878348
0,339520730184
0,75949258202
0,259464433856
0,299436285692
0,339408137528
0,679379989364
0,3793518412
0,339323693036
0,339295544872
0,339267396708
0,339239248544
0,29921110038
0,299182952216
0,379154804052
0,259126655888
0,299098507724
0,29907035956
0,679042211396
0,379014063232
0,258985915068
0,338957766904
0,33892961874
0,338901470576
0,338873322412
0,298845174248
0,378817026084
0,33878887792
0,258760729756
0,458732581592
0,338704433428
0,338676285264
0,2986481371
0,638619988936
0,338591840772
0,338563692608
0,758535544444
0,29850739628
0,298479248116
0,338451099952
0,298422951788
0,298394803624
0,33836665546
0,298338507296
0,218310359132
0,338282210968
0,338254062804
0,33822591464
0,298197766476
0,298169618312
0,338141470148
0,298113321984
0,29808517382
0,338057025656
0,298000729328
0,337972581164
0,757944433
0,677916284836
0,257888136672
0,297859988508
0,297831840344
0,257775544016
0,257747395852
0,797719247688
0,217691099524
0,21766295136
0,257634803196
0,717606655032
0,297578506868
0,25752221054
0,297494062376
0,677465914212
0,297437766048
0,217409617884
0,63738146972
0,257353321556
0,337325173392
0,217297025228
0,377268877064
0,2572407289
0,337212580736
0,297184432572
0,297156284408
0,257128136244
0,37709998808
0,257071839916
0,297043691752
0,257015543588
0,336987395424
0,29695924726
0,296931099096
0,296902950932
0,376874802768
0,676846654604
0,33681850644
0,256790358276
0,336762210112
0,336734061948
1,17670591378
0,33667776562
0,336649617456
0,336621469292
0,716593321128
0,296565172964
0,2965370248
0,376508876636
0,756480728472
0,336452580308
0,376424432144
0,33639628398
1,17636813582
0,376339987652
0,336311839488
0,336283691324
1,25625554316
0,456227394996
0,296199246832
0,296171098668
1,2561429505
2,45611480234
0,836058506012
0,636030357848
0,336002209684
0,33597406152
0,675945913356
0,255917765192
0,295889617028
1,1358333207
0,875805172536
0,335777024372
0,755720728044
0,45569257988
0,415664431716
0,915579987224
2,41555183906
0,835495542732
0,375467394568
0,295439246404
0,415382950076
0,675354801912
0,255326653748
0,41527035742
0,715242209256
0,255214061092
0,675157764764
0,6751296166
0,295101468436
0,635045172108
0,715017023944
0,33498887578
0,794932579452
1,33490443129
0,414819986796
0,714791838632
0,214763690468
0,714735542304
0,37470739414
0,294679245976
0,294651097812
0,294622949648
0,254594801484
0,29456665332
0,714538505156
0,294510356992
0,254482208828
0,254454060664
0,2944259125
0,374397764336
0,254369616172
0,334341468008
0,294313319844
0,71428517168
0,294257023516
0,334228875352
0,334200727188
1,13417257902
0,37414443086
0,294116282696
0,334088134532
0,334059986368
0,334031838204
0,33400369004
0,453975541876
0,253947393712
0,333919245548
0,253891097384
0,63386294922
0,293834801056
0,293806652892
0,713778504728
0,293750356564
0,2537222084
0,373694060236
0,333665912072
0,713637763908
0,333609615744
0,33358146758
0,373553319416
0,713525171252
0,333497023088
0,373468874924
0,33344072676
0,713412578596
0,373384430432
0,373356282268
0,373328134104
0,37329998594
0,293271837776
0,333243689612
0,293187393284
0,29315924512
0,373131096956
0,333102948792
0,373074800628
0,333046652464
0,3330185043
0,372990356136
0,372962207972
0,372934059808
0,372905911644
0,37287776348
0,372849615316
0,332821467152
0,252793318988
0,332765170824
0,33273702266
0,332708874496
0,332680726332
0,672652578168
0,672624430004
0,33259628184
0,252568133676
0,452539985512
0,672511837348
0,332483689184
0,33245554102
0,752427392856
0,712399244692
0,372371096528
0,672342948364
0,6723148002
0,672286652036
0,332258503872
0,332230355708
0,712202207544
0,67217405938
0,372145911216
0,332117763052
0,332089614888
0,952061466724
0,37203331856
0,332005170396
0,371977022232
0,751948874068
0,371920725904
0,37189257774
0,371864429576
0,331836281412
0,371808133248
0,291779985084
0,33175183692
0,331723688756
0,331695540592
0,331667392428
0,331639244264
0,2916110961
0,331582947936
0,291554799772
0,331526651608
0,331498503444
0,37147035528
0,291442207116
0,371414058952
0,291385910788
0,371357762624
0,79132961446
0,751301466296
0,371273318132
0,331245169968
0,791217021804
0,71118887364
0,371160725476
0,331132577312
0,831104429148
0,631076280984
0,33104813282
0,331019984656
0,790991836492
0,630963688328
0,290935540164
0,290907392
0,710879243836
0,670851095672
0,290822947508
0,330794799344
0,79076665118
0,750738503016
0,330710354852
0,670682206688
0,330654058524
0,29062591036
0,370597762196
0,250569614032
0,290541465868
0,330513317704
0,33048516954
0,870457021376
0,330428873212
0,330400725048
0,750372576884
0,37034442872
0,710316280556
0,330288132392
0,290259984228
0,330231836064
0,3702036879
0,710175539736
0,330147391572
0,330119243408
0,290091095244
0,33006294708
0,370034798916
0,670006650752
0,369978502588
0,329950354424
0,40992220626
1,2098940581
0,449865909932
0,369837761768
0,369809613604
1,16978146544
0,749753317276
0,329725169112
0,369697020948
0,369668872784
0,24964072462
0,369612576456
0,329584428292
0,329556280128
0,289528131964
0,3294999838
0,329471835636
1,12944368747
0,409415539308
0,709387391144
0,32935924298
0,289331094816
0,289302946652
0,329274798488
0,369246650324
0,32921850216
0,289190353996
0,629162205832
0,289134057668
0,329105909504
0,28907776134
0,329049613176
0,289021465012
0,328993316848
0,288965168684
0,28893702052
0,288908872356
0,328880724192
0,328852576028
0,288824427864
0,2887962797
0,288768131536
0,328739983372
0,288711835208
0,288683687044
0,24865553888
0,328627390716
0,328599242552
0,788571094388
0,248542946224
0,36851479806
0,368486649896
0,748458501732
0,288430353568
0,328402205404
0,32837405724
0,328345909076
0,328317760912
0,328289612748
0,328261464584
0,66823331642
0,328205168256
0,328177020092
0,328148871928
0,748120723764
0,3280925756
0,408064427436
0,408036279272
0,788008131108
0,407979982944
0,28795183478
0,367923686616
0,367895538452
0,367867390288
0,367839242124
0,32781109396
0,367782945796
0,327754797632
0,367726649468
0,287698501304
0,70767035314
0,367642204976
0,367614056812
0,287585908648
0,747557760484
0,28752961232
0,367501464156
0,287473315992
0,707445167828
0,327417019664
0,3673888715
0,327360723336
0,707332575172
0,367304427008
0,287276278844
0,36724813068
1,16721998252
0,447191834352
0,367163686188
0,367135538024
0,62710738986
0,367079241696
0,287051093532
0,367022945368
0,36696664904
0,286938500876
0,366910352712
0,866882204548
0,366854056384
0,36682590822
0,286797760056
0,326741463728
0,706713315564
0,3666851674
1,12665701924
0,366628871072
0,326600722908
0,626572574744
0,24654442658
0,286516278416
0,326488130252
0,746459982088
0,246431833924
0,32640368576
0,286375537596
0,326347389432
0,706319241268
0,326291093104
0,28626294494
0,326234796776
0,246206648612
0,326178500448
0,326150352284
0,36612220412
0,286094055956
0,366065907792
0,326037759628
0,326009611464
0,2459814633
0,365953315136
0,325925166972
0,665897018808
0,325868870644
0,32584072248
0,325812574316
0,665784426152
0,785756277988
0,445728129824
0,32569998166
0,665671833496
0,365643685332
0,945615537168
0,365587389004
0,66555924084
0,365531092676
0,405502944512
0,325474796348
0,705446648184
0,36541850002
0,365390351856
0,825362203692
0,745334055528
0,365305907364
0,3252777592
0,365249611036
0,325221462872
0,245193314708
0,405165166544
0,66513701838
0,285108870216
0,285080722052
1,20505257389
0,945024425724
0,40499627756
0,284968129396
0,324939981232
0,324911833068
0,324883684904
0,28485553674
0,324827388576
0,244799240412
0,364771092248
0,284742944084
0,36471479592
0,624686647756
0,284658499592
0,284630351428
0,324602203264
0,2845740551
0,324545906936
0,364517758772
1,20448961061
0,784461462444
0,44443331428
0,324405166116
0,664377017952
0,284348869788
0,364320721624
0,36429257346
0,364264425296
0,364236277132
0,284208128968
0,324179980804
0,74415183264
0,364123684476
0,324095536312
0,364067388148
0,364039239984
0,28401109182
0,363982943656
0,323954795492
0,863926647328
0,623898499164
0,323870351
0,323842202836
1,16381405467
0,823785906508
0,363757758344
0,28372961018
0,323701462016
0,323673313852
0,323645165688
0,323617017524
0,86358886936
0,443560721196
0,323532573032
0,243504424868
1,2034762767
0,78344812854
0,363419980376
0,283391832212
0,283363684048
0,283335535884
0,28330738772
0,283279239556
0,323251091392
0,283222943228
0,323194795064
0,8231666469
0,443138498736
0,403110350572
0,403082202408
0,703054054244
0,40302590608
0,322997757916
0,362969609752
0,782941461588
0,402913313424
0,36288516526
0,402857017096
0,362828868932
0,362800720768
0,362772572604
0,36274442444
0,742716276276
0,322688128112
0,322659979948
0,402631831784
0,82260368362
0,362575535456
0,362547387292
0,282519239128
0,3224629428
0,282434794636
0,282406646472
0,662378498308
0,362350350144
0,32232220198
0,282294053816
0,662265905652
0,362237757488
0,362209609324
0,32218146116
0,662153312996
0,322125164832
0,362097016668
0,242068868504
0,66204072034
0,322012572176
0,281984424012
0,321956275848
0,701928127684
0,32189997952
0,281871831356
0,741843683192
0,241815535028
0,361787386864
0,3217592387
0,781731090536
0,281702942372
0,361674794208
0,321646646044
0,36161849788
0,281590349716
0,361562201552
0,281534053388
0,741505905224
0,28147775706
0,321449608896
0,321421460732
0,741393312568
0,321365164404
0,36133701624
0,281308868076
0,741280719912
0,321252571748
0,361224423584
0,32119627542
0,661168127256
0,281139979092
0,361111830928
0,361083682764
0,7010555346
0,281027386436
0,360999238272
0,360971090108
0,660942941944
0,32091479378
0,280886645616
0,360858497452
0,740830349288
0,280802201124
0,36077405296
0,360745904796
0,620717756632
0,780689608468
0,360661460304
0,36063331214
0,620605163976
0,320577015812
0,320548867648
0,280520719484
0,66049257132
0,320464423156
0,320436274992
0,320408126828
0,320379978664
0,3203518305
0,360323682336
0,360295534172
0,360267386008
0,360239237844
0,32021108968
0,320182941516
0,360154793352
0,320126645188
0,360098497024
0,36007034886
0,320042200696
0,280014052532
0,319985904368
0,319957756204
0,27992960804
0,279901459876
0,659873311712
0,199845163548
0,319817015384
0,31978886722
0,319760719056
0,279732570892
0,279704422728
0,279676274564
0,6996481264
0,279619978236
0,359591830072
0,359563681908
0,359535533744
0,69950738558
0,699479237416
0,359451089252
0,319422941088
0,319394792924
0,27936664476
0,359338496596
0,359310348432
0,319282200268
0,699254052104
0,31922590394
0,859197755776
0,859169607612
0,319141459448
0,279113311284
0,31908516312
0,319057014956
0,279028866792
0,319000718628
1,11897257046
0,7789444223
0,318916274136
0,318888125972
0,278859977808
0,318831829644
0,35880368148
0,278775533316
0,318747385152
0,358719236988
0,318691088824
0,31866294066
0,318634792496
0,318606644332
0,318578496168
0,318550348004
0,31852219984
0,318494051676
0,318465903512
0,778437755348
0,318409607184
0,31838145902
0,358353310856
0,738325162692
0,318297014528
0,318268866364
0,3182407182
0,778212570036
0,398184421872
0,318156273708
0,318128125544
0,77809997738
0,358071829216
0,278043681052
0,318015532888
0,937987384724
0,31795923656
0,277931088396
0,317902940232
0,937874792068
0,397846643904
0,27781849574
0,277790347576
0,357734051248
0,317705903084
0,31767775492
0,317621458592
0,317593310428
0,277565162264
0,6975370141
0,357508865936
0,237480717772
0,317452569608
0,31739627328
0,277368125116
0,317339976952
0,657311828788
0,357283680624
0,23725553246
0,277227384296
0,657199236132
0,317171087968
0,317142939804
0,77711479164
0,317086643476
0,317058495312
0,237030347148
0,737002198984
0,19697405082
0,356945902656
0,656917754492
0,696889606328
0,316861458164
0,35683331
0,236805161836
0,436777013672
0,396748865508
0,316720717344
0,23669256918
0,696664421016
0,396636272852
0,356608124688
0,276579976524
0,77655182836
0,236523680196
0,356495532032
0,356467383868
0,656439235704
0,39641108754
0,316382939376
0,276354791212
0,616326643048
0,236298494884
0,69627034672
0,316242198556
0,616214050392
0,316185902228
0,356157754064
0,3961296059
0,696101457736
0,396073309572
0,356045161408
0,356017013244
0,65598886508
0,355960716916
0,395932568752
0,355904420588
0,695876272424
0,31584812426
0,355819976096
0,695791827932
0,355763679768
0,235735531604
0,35570738344
0,355679235276
0,655651087112
0,315622938948
0,315594790784
0,31556664262
0,655538494456
0,275510346292
0,315482198128
0,315454049964
0,3154259018
0,315397753636
1,77536960547
0,935341457308
0,315313309144
0,31528516098
0,315257012816
0,315228864652
0,655200716488
0,235172568324
0,65514442016
0,235116271996
0,275088123832
0,315059975668
0,315031827504
0,23500367934
0,234975531176
0,314947383012
0,314919234848
0,274891086684
0,31486293852
0,314834790356
0,314806642192
0,274778494028
0,354750345864
0,3147221977
0,354694049536
0,274665901372
0,274637753208
0,394609605044
0,39458145688
0,274553308716
0,314525160552
0,354497012388
0,234468864224
0,69444071606
0,314412567896
0,274356271568
0,314328123404
0,27429997524
0,354271827076
0,774243678912
0,354215530748
0,314187382584
0,31415923442
0,314131086256
0,814102938092
0,274074789928
0,354046641764
0,8540184936
0,393990345436
0,313962197272
0,353934049108
0,853905900944
0,61387775278
0,273849604616
0,393821456452
0,353793308288
0,353765160124
0,35373701196
0,813708863796
0,353680715632
0,353652567468
0,353624419304
0,77359627114
0,313568122976
0,353539974812
0,353511826648
0,733483678484
0,31345553032
0,273427382156
0,353399233992
0,693371085828
0,313342937664
0,3133147895
0,313286641336
0,813258493172
0,353230345008
0,313202196844
0,31317404868
0,773145900516
0,313117752352
0,273089604188
0,313061456024
0,313005159696
0,232977011532
0,232948863368
0,652920715204
0,31289256704
0,352864418876
0,232836270712
0,352779974384
0,23275182622
0,312723678056
0,652695529892
0,392667381728
0,272639233564
0,3526110854
0,652582937236
0,352554789072
0,312526640908
0,312498492744
1,39247034458
0,772442196416
0,352414048252
0,652385900088
0,272357751924
0,35232960376
0,312301455596
0,732273307432
0,272245159268
0,352217011104
0,27218886294
0,732160714776
0,312132566612
0,312104418448
0,312076270284
0,31204812212
0,272019973956
0,351991825792
0,311963677628
0,731935529464
0,2319073813
0,311879233136
0,231851084972
0,691822936808
0,231794788644
0,69176664048
0,311738492316
0,651710344152
0,351682195988
0,391654047824
0,31162589966
0,611597751496
0,651569603332
0,351541455168
0,731513307004
1,31148515884
0,771428862512
0,311400714348
0,691372566184
0,31134441802
0,311316269856
0,311288121692
0,691259973528
0,311231825364
0,3112036772
0,311175529036
0,691147380872
0,311119232708
0,311091084544
0,31106293638
0,611034788216
0,311006640052
0,310978491888
0,310950343724
0,65092219556
0,270894047396
0,350865899232
0,350837751068
0,310809602904
0,31078145474
1,31075330658
0,810725158412
0,430697010248
0,350668862084
0,35064071392
0,610612565756
0,310584417592
0,270556269428
0,350528121264
0,3504999731
0,310471824936
0,310443676772
0,350415528608
0,310387380444
0,31035923228
0,310331084116
0,350302935952
0,310274787788
0,310246639624
0,31021849146
0,350190343296
0,350162195132
0,270134046968
0,350105898804
0,35007775064
0,270049602476
0,270021454312
0,269993306148
0,349965157984
0,34993700982
0,269908861656
0,349880713492
0,729852565328
0,269824417164
0,309796269
0,349768120836
0,269739972672
0,609711824508
0,229683676344
0,34965552818
0,309627380016
0,349599231852
0,269571083688
0,349542935524
0,30951478736
0,349486639196
0,309458491032
0,309430342868
0,349402194704
0,34937404654
0,309345898376
0,269317750212
0,729289602048
0,309261453884
0,30923330572
0,309205157556
0,269177009392
0,649148861228
0,729120713064
0,2690925649
0,349064416736
0,349036268572
0,309008120408
0,768979972244
0,34895182408
0,348923675916
0,348895527752
0,768867379588
0,348839231424
0,34881108326
0,308782935096
0,808754786932
0,348726638768
0,308698490604
0,34867034244
0,728642194276
0,308614046112
0,268585897948
0,308557749784
0,76852960162
0,308501453456
0,308473305292
0,308445157128
0,688417008964
0,3083888608
0,308360712636
0,268332564472
0,688304416308
0,348276268144
0,26824811998
0,268219971816
0,308163675488
0,268135527324
0,26810737916
0,308051082832
0,308022934668
0,307994786504
0,92796663834
0,387938490176
0,267910342012
0,307882193848
0,30782589752
0,307797749356
0,307769601192
0,727741453028
0,267713304864
0,3476851567
0,687657008536
0,307628860372
0,347600712208
0,267572564044
0,72754441588
0,227516267716
0,387488119552
0,347459971388
0,727431823224
0,30740367506
0,307375526896
0,267347378732
0,727319230568
0,267291082404
0,34726293424
0,307234786076
0,807206637912
0,427178489748
0,347150341584
0,30712219342
0,807094045256
0,767065897092
0,347037748928
0,307009600764
0,6469814526
0,346953304436
0,306925156272
0,346897008108
0,926868859944
0,38684071178
0,306812563616
0,306784415452
0,646756267288
0,266728119124
0,30669997096
0,306671822796
0,686643674632
0,266615526468
0,306587378304
0,30655923014
0,606531081976
0,306502933812
0,306474785648
0,726446637484
0,60641848932
0,306390341156
1,30636219299
0,846334044828
0,346305896664
0,2662777485
0,306249600336
0,306221452172
0,306193304008
0,306165155844
0,30613700768
0,726108859516
0,646080711352
0,306052563188
0,346024415024
0,30599626686
0,305968118696
0,265939970532
1,22591182237
0,765883674204
0,34585552604
0,305827377876
0,345799229712
0,345771081548
0,645742933384
0,34571478522
0,305686637056
0,305658488892
0,265630340728
0,345602192564
0,6055740444
0,345545896236
0,305517748072
0,345489599908
0,345461451744
0,26543330358
0,265405155416
0,345377007252
1,18534885909
0,605320710924
0,30529256276
0,305264414596
0,385236266432
0,225208118268
0,345179970104
0,38515182194
0,305123673776
0,265095525612
0,305067377448
0,345039229284
0,34501108112
0,304982932956
0,304954784792
0,264926636628
0,344898488464
0,8448703403
0,304842192136
0,264814043972
0,304785895808
0,304757747644
0,22472959948
0,304701451316
0,264673303152
0,304645154988
0,304617006824
0,26458885866
0,224560710496
0,264532562332
0,264504414168
0,304476266004
0,26444811784
0,304419969676
0,264391821512
0,264363673348
0,304335525184
0,26430737702
0,304279228856
0,644251080692
0,304222932528
0,344194784364
0,3441666362
0,344138488036
0,344110339872
0,344082191708
0,344054043544
0,80402589538
0,383997747216
0,343969599052
0,343941450888
0,303913302724
0,30388515456
0,303857006396
0,343828858232
0,343800710068
0,343772561904
0,30374441374
0,603716265576
0,303688117412
0,343659969248
0,263631821084
0,34360367292
0,923575524756
0,343547376592
0,643519228428
0,303491080264
0,6434629321
0,343434783936
0,223406635772
0,303378487608
0,643350339444
0,30332219128
0,643294043116
0,303265894952
0,683237746788
0,343209598624
0,26318145046
0,303153302296
0,303097005968
0,763068857804
0,26304070964
0,643012561476
0,342984413312
0,262956265148
0,722928116984
0,30289996882
0,342871820656
0,222843672492
0,422815524328
0,262787376164
0,342759228
0,262731079836
0,762702931672
0,302674783508
0,302646635344
0,26261848718
0,722590339016
0,262562190852
0,342534042688
0,262505894524
0,72247774636
0,262449598196
0,302421450032
0,222393301868
0,722365153704
0,22233700554
0,302308857376
0,302280709212
0,642252561048
0,262224412884
0,64219626472
0,262168116556
0,602139968392
0,302111820228
0,302083672064
0,3020555239
0,722027375736
0,341999227572
0,341971079408
0,341942931244
1,30191478308
0,681886634916
0,341858486752
0,341830338588
0,641802190424
0,30177404226
0,341745894096
0,341717745932
0,881689597768
0,301661449604
0,30163330144
0,301605153276
0,301577005112
0,641548856948
0,341520708784
0,30149256062
0,341464412456
0,261436264292
0,341408116128
0,301379967964
0,3413518198
0,341323671636
0,301295523472
0,601267375308
0,301239227144
0,30121107898
0,341182930816
0,341154782652
0,301126634488
0,261098486324
0,34107033816
0,301042189996
0,341014041832
0,300985893668
0,340957745504
0,22092959734
0,260901449176
0,300873301012
0,340845152848
0,260817004684
0,34078885652
0,340760708356
0,640732560192
0,340704412028
0,300676263864
0,3406481157
0,340619967536
0,340591819372
0,260563671208
0,260535523044
0,30050737488
0,300479226716
0,260451078552
0,340422930388
0,640394782224
0,30036663406
0,260338485896
0,340310337732
0,260282189568
0,600254041404
0,26022589324
0,300197745076
0,260169596912
0,600141448748
0,720113300584
0,26008515242
0,300057004256
0,260028856092
0,300000707928
0,259972559764
0,2199444116
0,339916263436
0,219888115272
0,299859967108
0,719831818944
0,29980367078
0,259775522616
0,259747374452
0,259719226288
0,299691078124
0,67966292996
0,299634781796
0,299606633632
0,299578485468
0,299550337304
0,33952218914
0,339494040976
0,639465892812
0,299437744648
0,299409596484
0,33938144832
0,379353300156
0,339325151992
0,759297003828
0,339268855664
0,3392407075
0,299212559336
0,799184411172
0,419156263008
0,379128114844
0,33909996668
0,799071818516
0,379043670352
0,339015522188
0,298987374024
0,33895922586
0,298931077696
0,678902929532
0,298874781368
0,25881848504
0,338790336876
0,298762188712
0,338705892384
0,29867774422
0,298649596056
0,638621447892
0,298593299728
0,298565151564
0,2985370034
0,598508855236
0,298480707072
0,258452558908
0,258424410744
0,298368114416
0,218339966252
0,298311818088
0,598283669924
0,29825552176
0,218227373596
0,298199225432
0,218171077268
0,298142929104
0,29811478094
0,258058484612
0,338030336448
0,258002188284
0,29797404012
0,757945891956
0,377917743792
0,257889595628
0,717861447464
0,1778332993
0,257805151136
0,257777002972
0,757748854808
0,257720706644
0,29769255848
0,297664410316
0,297636262152
0,257608113988
0,337579965824
0,29755181766
0,757523669496
0,337495521332
0,297467373168
0,337439225004
0,71741107684
0,337382928676
0,337354780512
0,337326632348
0,597298484184
0,33727033602
0,337242187856
0,377214039692
0,677185891528
0,377157743364
0,2971295952
0,297101447036
0,637073298872
0,337045150708
0,337017002544
0,29698885438
0,676960706216
0,336932558052
0,296904409888
0,596876261724
0,29684811356
0,296819965396
0,376791817232
0,256763669068
0,336735520904
0,21670737274
0,296679224576
0,376651076412
0,636622928248
0,216594780084
0,29656663192
0,636538483756
0,296510335592
0,256482187428
0,336454039264
0,2964258911
0,296397742936
0,296369594772
0,336341446608
0,296313298444
0,33628515028
0,256257002116
0,336228853952
0,296200705788
0,256172557624
0,37614440946
0,256116261296
0,296088113132
0,256059964968
0,296031816804
0,33600366864
0,255975520476
0,255947372312
0,295919224148
0,295891075984
0,29586292782
0,215834779656
0,295806631492
0,595778483328
0,215750335164
0,295722187
0,295694038836
0,595665890672
0,255637742508
0,255609594344
0,33558144618
0,255553298016
0,295525149852
0,255497001688
0,255468853524
0,25544070536
0,255412557196
0,715384409032
0,255356260868
0,295328112704
0,29529996454
0,215271816376
0,255243668212
0,795215520048
0,335187371884
0,25515922372
0,255131075556
0,295102927392
0,295074779228
0,295046631064
0,2950184829
0,254990334736
0,334962186572
0,294934038408
0,294905890244
0,33487774208
0,334849593916
0,334821445752
0,754793297588
0,594765149424
0,33473700126
0,334708853096
0,374680704932
0,334652556768
0,374624408604
0,33459626044
0,754568112276
0,294539964112
0,334511815948
0,334483667784
0,29445551962
0,254427371456
0,334399223292
0,334371075128
0,754342926964
0,3343147788
0,334286630636
0,294258482472
0,334230334308
0,254202186144
0,29417403798
0,254145889816
0,674117741652
0,294089593488
0,254061445324
0,25403329716
0,594005148996
0,293977000832
0,293948852668
0,293920704504
0,293864408176
0,253836260012
0,253808111848
0,75375181552
0,253723667356
0,253695519192
0,793667371028
0,333639222864
0,2936110747
0,293582926536
0,633554778372
0,293526630208
0,293498482044
0,71347033388
0,713442185716
0,293414037552
0,633385889388
0,333357741224
0,21332959306
0,293301444896
0,213273296732
0,593245148568
0,373217000404
0,33318885224
0,633160704076
0,713132555912
0,213104407748
0,333076259584
0,33304811142
0,753019963256
0,292991815092
0,332963666928
0,252935518764
0,7529073706
0,372879222436
0,332851074272
0,332822926108
0,672794777944
0,33276662978
0,292738481616
0,332710333452
0,672682185288
0,332654037124
0,33262588896
0,292597740796
0,712569592632
0,292541444468
0,332513296304
0,33248514814
0,672456999976
0,332428851812
0,292400703648
0,252372555484
0,71234440732
0,332316259156
0,292288110992
0,292259962828
0,712231814664
0,2522036665
0,292175518336
0,672147370172
0,332119222008
0,252091073844
1,21206292568
0,752034777516
0,292006629352
0,251978481188
0,331950333024
0,63192218486
0,251894036696
0,211865888532
0,291837740368
0,331809592204
0,63178144404
0,291753295876
0,331725147712
0,291696999548
1,09166885138
0,33164070322
0,291612555056
0,291584406892
0,291556258728
0,291528110564
1,2914999624
0,591471814236
0,291443666072
0,331415517908
0,331387369744
0,29135922158
0,291331073416
0,331302925252
0,331274777088
0,291246628924
0,29121848076
0,291190332596
0,911162184432
0,331134036268
0,251105888104
0,33107773994
0,331049591776
0,631021443612
0,290993295448
