1,09075048752
0,57081780644
0,930851465901
0,650885125362
0,530986103745
0,771019763206
0,371087082128
0,131120741589
1,13115440105
0,651188060511
1,13122171997
0,531289038894
1,05132269836
0,451356357816
0,291390017277
0,851423676738
0,85149099566
0,651591974043
0,691659292965
0,691692952426
0,811760271348
0,891793930809
0,331861249731
0,211928568653
0,651962228114
1,25199588758
0,652063206497
0,932096865958
0,572130525419
0,37216418488
0,972197844341
0,372231503802
0,932265163263
0,092332482185
0,772366141646
0,732433460568
0,732467120029
0,812534438951
0,932568098412
0,372635417334
0,412702736256
1,49277005518
0,6128373741
0,972871033561
0,532904693022
0,372938352483
0,932972011944
0,493005671405
0,893039330866
0,173106649788
0,653140309249
0,73317396871
0,693207628171
0,773241287632
0,853308606554
0,853342266015
0,493409584937
0,493443244398
0,373476903859
0,37351056332
0,573611541703
0,933645201164
0,533678860625
0,413712520086
0,973746179547
0,453779839008
0,933813498469
0,413880817391
0,613914476852
0,213948136313
0,813981795774
0,734015455235
0,694082774157
0,934116433618
0,53418375254
0,694251071462
0,414284730923
0,214352049845
0,694385709306
1,05441936877
0,654453028228
0,534486687689
1,01452034715
0,494554006611
1,05458766607
0,294654984994
0,814688644455
0,294722303916
0,094755963377
0,854789622838
0,93485694176
0,974890601221
0,574957920143
0,535025239065
0,375126217448
0,655159876909
1,01519353637
0,655227195831
0,495260855292
1,21529451475
0,335429152597
0,775462812058
0,335496471519
0,17553013098
0,775631109363
1,01566476882
0,535732087746
0,535765747207
0,575799406668
0,695900385051
0,735934044512
0,656001363434
0,576035022895
1,17606868236
0,576102341817
1,13613600128
0,3762033202
0,816236979661
0,376270639122
0,176304298583
0,856337958044
1,01640527697
0,976438936427
0,576506255349
0,49653991481
0,816573574271
0,616607233732
0,496674552654
0,776708212115
0,176775531037
0,576809190498
1,21684284996
0,69687650942
1,17691016888
0,416977487803
0,857011147264
0,457044806725
0,257078466186
0,857179444569
1,05721310403
0,617280422952
0,617314082413
0,857347741874
0,617381401335
0,737448720257
0,857482379718
0,37754969864
0,137583358101
1,17761701756
0,657650677023
1,05768433648
0,497751655406
0,897785314867
0,417818974328
0,297852633789
0,93788629325
0,297919952711
1,09795361217
0,738054590555
0,738088250016
0,898121909477
0,698155568938
0,57822288786
0,818256547321
0,338323866243
0,258357525704
0,218391185165
0,658424844626
0,498525823009
0,93855948247
0,498593141931
0,338626801392
0,418694120314
0,698761439236
0,578795098697
0,778828758158
0,69889607708
0,498929736541
0,538963396002
0,419030714924
0,339064374385
0,379098033846
0,299131693307
0,379165352768
0,219199012229
0,57923267169
0,659266331151
0,939299990612
0,979333650073
0,539367309534
0,539400968995
0,579434628456
0,779468287917
0,299501947378
0,739535606839
0,6195692663
0,739636585222
0,699670244683
0,539703904144
0,539737563605
0,459804882527
0,33990586091
0,419939520371
0,299973179832
0,220006839293
1,14004049875
1,06007415822
1,02010781768
0,540141477137
0,540175136598
0,620208796059
0,46024245552
0,380276114981
0,780309774442
0,660343433903
0,860377093364
0,140410752825
0,820444412286
0,580478071747
0,620511731208
0,340612709591
0,500646369052
0,300680028513
0,460713687974
0,300747347435
0,260781006896
1,10084832582
1,06088198528
0,62091564474
0,620949304201
0,540982963662
0,861016623123
0,421050282584
0,781117601506
0,781151260967
0,221184920428
0,141218579889
0,62125223935
0,661285898811
1,02131955827
0,501353217733
0,381386877194
0,461420536655
0,341454196116
0,501487855577
0,301521515038
0,341555174499
1,14165615288
1,18168981234
0,661723471804
0,661757131265
0,941790790726
0,421824450187
0,941858109648
0,741891769109
0,78192542857
0,381959088031
0,262026406953
0,582060066414
0,582127385336
0,422161044797
0,462228363719
0,50226202318
0,422329342102
0,742363001563
0,262396661024
0,102430320485
0,702463979946
0,662497639407
0,582531298868
0,582564958329
0,46259861779
0,902632277251
0,782665936712
0,942699596173
0,342733255634
0,422766915095
0,262800574556
0,702834234017
0,662901552939
0,4629352124
0,542968871861
0,423002531322
0,583036190783
0,383069850244
0,423103509705
0,303170828627
0,143204488088
0,223238147549
0,70327180701
0,623305466471
0,623339125932
0,503372785393
0,983406444854
0,903440104315
0,943473763776
0,743507423237
0,423541082698
0,303574742159
0,143642061081
0,663675720542
0,503709380003
0,703743039464
0,543776698925
0,583810358386
0,503844017847
0,463877677308
0,34394499623
0,263978655691
0,264012315152
0,144045974613
0,664079634074
0,624113293535
0,584146952996
1,02418061246
0,904214271918
0,904247931379
0,46428159084
0,584315250301
0,504348909762
0,824382569223
0,224416228684
0,704449888145
0,664517207067
0,504550866528
0,624584525989
0,46461818545
0,904651844911
0,384719163833
0,224752823294
0,384786482755
0,664887461138
0,544921120599
1,06495478006
0,984988439521
0,465022098982
0,545055758443
0,505089417904
0,385123077365
0,345156736826
0,265190396287
0,705224055748
0,78529137467
0,545325034131
0,705358693592
0,505392353053
0,505426012514
0,945459671975
0,385493331436
0,265526990897
0,425560650358
0,38562796928
0,345661628741
0,665695288202
1,02572894766
0,945762607124
0,545863585507
0,385897244968
0,905930904429
0,30596456389
0,345998223351
0,626031882812
0,146065542273
0,546099201734
0,746132861195
0,546166520656
0,586200180117
0,466267499039
0,3063011585
0,386334817961
0,266368477422
0,426402136883
0,226435796344
0,186469455805
1,10650311527
1,06653677473
1,06657043419
0,626604093649
0,54663775311
0,466671412571
0,586705072032
0,346738731493
0,386772390954
0,666806050415
0,746839709876
0,226873369337
0,786907028798
0,746940688259
0,98697434772
0,467041666642
0,387075326103
0,467108985564
0,307142645025
0,427176304486
0,267209963947
0,747277282869
1,10731094233
0,627378261252
0,667411920713
0,627445580174
0,947479239635
0,467512899096
0,867546558557
0,707580218018
0,787613877479
0,26764753694
0,267681196401
0,707714855862
0,667748515323
1,02778217478
0,467849493706
0,587883153167
0,427916812628
0,507950472089
0,30798413155
0,348017791011
0,868051450472
0,268085109933
1,10811876939
0,668186088316
0,548219747777
0,388287066699
0,82832072616
0,748354385621
0,828388045082
0,348421704543
0,268489023465
0,708522682926
0,508590001848
0,468623661309
0,50865732077
0,388690980231
0,548724639692
0,388791958614
0,108892936997
0,708926596458
0,668960255919
0,54899391538
0,549027574841
0,469061234302
0,869128553224
0,429195872146
0,669229531607
0,269263191068
0,629364169451
0,469397828912
0,669431488373
0,509465147834
0,549498807295
0,389532466756
0,309633445139
0,1496671046
0,149700764061
0,669734423522
0,669768082983
0,629801742444
0,469835401905
1,02986906137
0,869936380288
0,309970039749
0,43000369921
0,350037358671
0,190071018132
0,110104677593
0,670138337054
0,510171996515
0,630205655976
0,630272974898
0,470306634359
0,47034029382
0,350407612742
0,190441272203
0,310474931664
0,710542250586
0,630575910047
0,550609569508
1,03064322897
0,87067688843
0,950710547891
0,430744207352
0,430777866813
0,350811526274
0,350845185735
0,350878845196
0,710912504657
0,51101348304
0,671047142501
0,511080801962
0,391114461423
0,911148120884
0,351215439806
0,271316418189
0,71135007765
0,591383737111
1,11141739657
0,911451056033
0,951484715494
0,511518374955
0,391552034416
0,551585693877
0,271653012799
0,31168667226
0,591720331721
0,751753991182
0,551787650643
0,711821310104
0,551854969565
0,391955947948
0,39202326687
0,232056926331
0,392090585792
0,352124245253
0,632157904714
1,07219156418
1,11222522364
0,992258883097
0,632292542558
0,432326202019
0,43235986148
0,392393520941
0,272427180402
0,792460839863
0,632494499324
0,712528158785
0,592561818246
0,752595477707
0,552629137168
0,992662796629
0,99269645609
0,472730115551
0,312763775012
0,392797434473
0,352831093934
0,432864753395
0,392898412856
0,192932072317
1,11296573178
0,992999391239
1,0730330507
0,633066710161
0,553100369622
0,593134029083
0,433167688544
0,353201348005
0,833235007466
0,673268666927
0,273335985849
0,79336964531
0,593403304771
0,593436964232
0,513504283154
0,353537942615
0,513571602076
0,313605261537
0,473638920998
0,313672580459
0,67370623992
0,073773558842
1,1138072183
0,633840877764
1,11387453723
0,593908196686
0,473941856147
0,353975515608
0,834076493991
0,754110153452
0,154177472374
0,594211131835
0,554278450757
0,434312110218
0,554345769679
0,47437942914
0,514413088601
0,314446748062
0,154547726445
0,714615045367
0,634682364289
0,51471602375
0,434749683211
0,954783342672
0,794817002133
0,834850661594
0,354884321055
0,274951639977
0,714985299438
0,63505261836
0,475086277821
0,395153596743
0,555187256204
0,355254575126
0,755288234587
0,115355553509
0,11538921297
0,715422872431
0,635456531892
0,475523850814
0,475557510275
0,795591169736
0,515658488658
0,395692148119
0,27572580758
0,115759467041
0,155793126502
0,595826785963
0,555894104885
0,435927764346
0,595961423807
0,395995083268
0,436028742729
0,276096061651
0,236129721112
0,236163380573
0,076197040034
0,676230699495
1,11626435896
0,476298018417
0,916365337339
0,3963989968
0,436432656261
0,396466315722
0,356499975183
0,756533634644
0,196567294105
0,676600953566
0,516634613027
0,676668272488
0,556701931949
0,63673559141
0,476769250871
0,836802910332
0,396870229254
0,356903888715
0,276937548176
0,117004867098
1,11703852656
0,55707218602
0,557105845481
0,877139504942
1,0771731644
0,917206823864
0,477240483325
0,477274142786
0,357307802247
0,197341461708
0,757375121169
0,637442440091
0,677509759013
0,477543418474
0,517577077935
0,877610737396
0,237678056318
0,317711715779
0,27774537524
0,077812694162
0,637846353623
0,917913672545
1,07794733201
0,477980991467
0,518048310389
0,278115629311
0,318149288772
0,598182948233
0,678216607694
0,638250267155
0,718283926616
0,518317586077
0,43841856446
0,438485883382
0,318519542843
0,358553202304
0,278586861765
0,0786205212261
1,07865418069
0,958687840148
0,51875515907
0,518788818531
0,478822477992
0,358889796914
0,798923456375
0,638957115836
0,559024434758
0,759058094219
0,59909175368
0,639125413141
0,959159072602
0,439192732063
0,319226391524
0,399260050985
0,439327369907
0,239361029368
0,279394688829
0,999462007751
1,07949566721
0,959529326673
0,599562986134
0,479596645595
0,919630305056
0,359663964517
0,759697623978
0,679731283439
0,2797649429
0,279798602361
0,239832261822
0,599865921283
0,519899580744
0,999933240205
0,519966899666
0,360000559127
0,520034218588
0,320067878049
0,48010153751
0,280135196971
0,320168856432
0,080236175354
1,12026983481
0,600303494276
0,640337153737
0,560370813198
0,520404472659
0,44043813212
0,920471791581
0,880505451042
0,800539110503
0,280572769964
0,160606429425
0,160640088886
0,640673748347
0,520741067269
0,40077472673
0,560808386191
0,480842045652
0,520875705113
0,320909364574
0,360943024035
0,161010342957
0,081044002418
0,681077661879
0,64111132134
0,681144980801
0,521178640262
0,441212299723
0,921245959184
0,761279618645
0,881313278106
0,801346937567
0,321380597028
0,361414256489
1,08148157541
0,641515234872
0,441548894333
0,601582553794
0,561649872716
0,521683532177
0,801717191638
0,28178451056
0,121818170021
0,721885488943
0,721919148404
0,561952807865
0,481986467326
0,962020126787
0,802053786248
0,762087445709
0,36212110517
0,402154764631
0,242188424092
0,162222083553
0,162255743014
0,642289402475
0,522323061936
0,722356721397
0,522390380858
0,602424040319
0,40245769978
0,442491359241
0,322558678163
0,322592337624
0,242625997085
0,202659656546
0,762693316007
0,522760634929
0,842827953851
0,402861613312
0,882895272773
0,402928932234
0,362962591695
0,123029910617
0,643063570078
0,603097229539
0,643130889
0,483164548461
0,643198207922
1,00323186738
0,363265526844
0,323332845766
0,363366505227
0,403400164688
0,163433824149
0,12346748361
0,563534802532
0,963602121454
0,923635780915
0,483669440376
0,363703099837
0,403736759298
0,843770418759
0,16380407822
0,643871397142
0,763905056603
0,603938716064
0,563972375525
0,884039694447
0,924073353908
0,404107013369
0,24414067283
0,324241651213
0,564308970135
1,0843426296
1,00437628906
0,484443607979
0,52447726744
0,444510926901
0,364544586362
0,284578245823
0,684645564745
0,764679224206
0,644712883667
0,724746543128
0,524780202589
0,56481386205
0,444881180972
0,444914840433
0,444948499894
0,324982159355
0,405015818816
0,205049478277
0,165083137738
1,04515045666
0,885217775582
0,525251435043
0,485285094504
0,325352413426
0,805386072887
0,645419732348
0,765453391809
0,68548705127
0,765520710731
0,605554370192
0,605588029653
0,405689008036
0,405722667497
0,445789986419
0,24582364588
0,285857305341
1,00592462426
1,08595828372
0,605991943185
0,566025602646
0,526059262107
0,966092921568
0,366126581029
0,48616024049
0,766193899951
0,726227559412
0,286261218873
0,606328537795
1,00636219726
0,566429516178
0,366463175639
0,4864968351
0,406530494561
0,486564154022
0,366597813483
0,726631472944
0,086698791866
1,04673245133
0,646766110788
0,646799770249
0,56683342971
0,486867089171
0,446900748632
0,886934408093
0,806968067554
0,767001727015
0,327035386476
0,287069045937
0,167102705398
0,487237343242
0,567271002703
0,447304662164
0,527338321625
0,327371981086
0,767439300008
0,247472959469
0,0875066189299
0,647540278391
0,687573937852
0,607607597313
0,407674916235
1,0077085757
0,847742235157
0,847775894618
0,367809554079
0,287876873001
0,207910532462
0,607977851384
0,448011510845
0,488078829767
0,568112489228
0,368146148689
0,40817980815
0,208247127072
0,168280786533
0,088314445994
0,608348105455
0,768381764916
0,568415424377
0,608449083838
0,888482743299
0,80851640276
0,928550062221
0,408583721682
0,408617381143
0,248651040604
0,248684700065
0,248718359526
0,688752018987
0,488785678448
0,608819337909
0,52885299737
0,568886656831
0,408920316292
0,448953975753
0,249021294675
0,169054954136
0,249088613597
0,209122273058
0,689155932519
0,60918959198
0,649223251441
1,0492569109
0,849290570363
0,929324229824
0,449357889285
0,409391548746
0,449425208207
0,289458867668
0,209492527129
0,72952618659
0,529559846051
0,609593505512
0,489627164973
0,649660824434
0,449694483895
0,529728143356
0,289795462278
0,209829121739
0,3698627812
0,169896440661
0,129930100122
0,649963759583
0,569997419044
0,890064737966
1,09009839743
0,970132056888
0,450165716349
0,49019937581
0,250266694732
0,250300354193
0,570334013654
0,650367673115
0,610401332576
0,690434992037
0,530468651498
0,450502310959
0,410569629881
0,450636948803
0,330670608264
0,250704267725
0,170737927186
0,570771586647
0,610805246108
0,930838905569
0,93087256503
0,570906224491
0,530939883952
0,410973543413
0,371007202874
0,251040862335
0,691074521796
0,611108181257
0,851141840718
0,571175500179
0,73120915964
0,531242819101
0,571276478562
0,451343797484
0,371377456945
0,211444775867
0,331478435328
0,251512094789
0,971613073172
1,01164673263
0,611680392094
0,571714051555
0,651747711016
0,451781370477
0,291815029938
0,811848689399
0,73188234886
0,771916008321
0,131949667782
0,731983327243
0,492016986704
0,972050646165
1,01208430563
0,492117965087
0,452185284009
0,25221894347
0,372252602931
0,252286262392
0,732319921853
1,01238724078
1,13242090024
0,572454559697
0,492488219158
0,492521878619
0,45255553808
0,492589197541
0,692656516463
0,772690175924
0,252723835385
0,292757494846
0,652791154307
0,652824813768
0,53289213269
0,372925792151
0,493026770534
0,333060429995
0,733094089456
0,173161408378
0,613195067839
0,6132287273
0,613262386761
0,573296046222
0,413363365144
0,893397024605
0,733430684066
0,813464343527
0,213498002988
0,293531662449
0,25356532191
1,09359898137
0,413699959754
0,573733619215
0,453767278676
0,533800938137
0,333834597598
0,293868257059
1,1340028949
0,654036554364
0,694070213825
0,974103873286
0,454137532747
0,854204851669
0,89423851113
0,334272170591
0,414305830052
0,294339489513
0,734373148974
1,17440680844
0,574440467896
0,454474127357
0,574541446279
0,57457510574
0,454608765201
0,414642424662
0,134743403045
0,214777062506
0,614810721967
0,654844381428
1,09487804089
0,45491170035
0,934945359811
0,814979019272
0,855012678733
0,775046338194
0,295113657116
0,735147316577
0,175180976038
0,49524829496
0,615281954421
0,535315613882
0,615349273343
0,415382932804
0,455416592265
0,855450251726
0,175517570648
0,255551230109
0,13558488957
0,735618549031
0,575685867953
0,975719527414
0,935753186875
0,935786846336
0,455820505797
0,495854165258
0,375887824719
0,81592148418
0,175955143641
0,615988803102
0,536022462563
0,616056122024
0,576089781485
0,656123440946
0,496157100407
0,896190759868
0,37625807879
0,336325397712
0,696426376095
0,576460035556
1,05649369502
0,896527354478
1,05656101394
0,4965946734
0,976628332861
0,536661992322
0,696695651783
0,176729311244
0,736762970705
0,656796630166
0,696830289627
0,536863949088
0,696897608549
0,49693126801
0,536964927471
0,417032246393
0,417065905854
0,337099565315
0,297133224776
0,217200543698
0,657234203159
1,05726786262
0,977301522081
1,05733518154
0,537368841003
0,497402500464
0,417436159925
0,897469819386
0,297503478847
0,617570797769
0,73760445723
0,657638116691
0,737671776152
0,537705435613
0,617739095074
0,457806413996
0,297840073457
0,337907392379
0,37794105184
0,217974711301
0,178008370762
1,13804203022
0,978075689684
1,05810934914
0,578143008606
0,578176668067
0,498210327528
0,378243986989
0,29827764645
0,818311305911
0,658344965372
0,258412284294
0,778445943755
0,578479603216
1,01851326268
0,538580581599
0,41861424106
0,538647900521
0,378681559982
0,458715219443
0,258748878904
1,01884985729
1,09888351675
0,498917176209
0,57895083567
0,538984495131
0,939018154592
0,299051814053
0,859085473514
0,699119132975
0,699152792436
0,259186451897
0,259220111358
0,619253770819
0,61928743028
0,379388408663
0,499422068124
0,339455727585
0,499489387046
0,379523046507
0,299556705968
0,13962402489
1,13965768435
0,619691343812
0,659725003273
0,579758662734
1,01979232219
0,859859641117
0,819893300578
0,939926960039
0,2999606195
0,219994278961
0,260027938422
0,660061597883
0,500128916805
0,420162576266
0,460229895188
0,540263554649
0,38029721411
0,260330873571
0,260398192493
0,180431851954
0,660465511415
0,660499170876
0,700532830337
0,540566489798
0,460600149259
0,780667468181
0,860701127642
0,500734787103
0,380802106025
0,660903084408
0,500936743869
0,421004062791
0,581037722252
0,381071381713
0,421105041174
0,301172360096
0,141206019557
0,181239679018
0,701273338479
0,66130699794
0,621340657401
0,541374316862
0,821441635784
0,901475295245
0,541508954706
0,461542614167
0,301576273628
0,221609933089
0,18164359255
0,581744570933
0,541778230394
0,621811889855
0,501845549316
0,421879208777
0,18198018716
0,222013846621
0,142047506082
0,662081165543
0,622114825004
0,542148484465
0,982182143926
0,942215803387
0,942249462848
0,462283122309
0,42231678177
0,302350441231
0,742384100692
0,222417760153
0,702451419614
0,542485079075
0,662518738536
0,582552397997
0,662586057458
0,462619716919
0,54265337638
0,382720695302
0,302754354763
0,342788014224
0,262821673685
0,702888992607
0,582922652068
0,983023630451
0,543057289912
0,463090949373
0,543124608834
0,343158268295
0,223191927756
0,743225587217
0,583259246678
0,823292906139
0,5433265656
0,663360225061
0,583393884522
0,543427543983
0,263528522366
0,383629500749
0,26366316021
0,703696819671
1,02376413859
1,10379779805
0,663831457515
0,423865116976
0,543898776437
0,463932435898
0,263966095359
0,78399975482
0,624033414281
0,744067073742
0,664100733203
0,744134392664
0,984168052125
0,504201711586
0,304302689969
0,344370008891
0,384403668352
0,264437327813
0,184470987274
1,18450464674
0,984538306196
1,06457196566
0,624605625118
0,584639284579
0,58467294404
0,944706603501
0,344740262962
0,824773922423
0,744807581884
0,744841241345
0,584874900806
0,784908560267
0,664942219728
0,624975879189
0,425043198111
0,425110517033
0,305144176494
0,465177835955
0,265211495416
0,185245154877
1,0253124738
1,18534613326
0,665379792721
0,585413452182
0,545447111643
0,545480771104
0,385514430565
0,425548090026
0,705581749487
0,785615408948
0,305649068409
0,18568272787
0,665716387331
0,665750046792
0,505884684636
0,465918344097
0,505952003558
0,74601932248
0,146086641402
1,22612030086
0,666153960324
1,02618761978
0,586221279246
0,946254938707
0,426288598168
0,906322257629
0,82635591709
0,946389576551
0,346423236012
0,266490554934
0,706524214395
0,426625192778
0,546658852239
0,4666925117
0,546726171161
0,346759830622
0,346793490083
0,106894468466
0,706928127927
0,666961787388
0,586995446849
0,467062765771
0,947096425232
0,787130084693
0,827163744154
0,347197403615
0,227264722537
1,10733204146
0,62736570092
0,507399360381
0,587433019842
0,507466679303
0,587500338764
0,427533998225
0,307567657686
0,267634976608
0,147668636069
0,22770229553
0,747735954991
0,747769614452
0,627803273913
0,507836933374
0,947870592835
0,827904252296
0,907937911757
0,467971571218
0,548005230679
0,34803889014
0,788072549601
0,228106209062
0,588139868523
0,508173527984
0,708207187445
0,548240846906
0,628274506367
0,428308165828
0,428341825289
0,268409144211
0,188442803672
0,268476463133
0,148510122594
0,708543782055
0,668577441516
0,588611100977
0,988644760438
0,868678419899
1,06871207936
0,908745738821
0,468779398282
0,508813057743
0,188880376665
0,668914036126
0,548947695587
0,589015014509
0,66904867397
0,469082333431
0,309183311814
0,309216971275
0,389250630736
0,309284290197
0,309317949658
1,06935160912
0,58938526858
0,709418928041
0,909452587502
0,469486246963
0,469519906424
0,389553565885
0,429587225346
0,349620884807
0,229654544268
0,229688203729
0,58972186319
0,749755522651
0,629789182112
0,709822841573
0,589856501034
0,949890160495
0,949923819956
0,389957479417
0,269991138878
0,390024798339
0,2300584578
0,270092117261
0,190125776722
0,630159436183
1,03019309564
0,950226755105
1,03026041457
0,550294074027
1,03032773349
0,430361392949
0,91039505241
0,310428711871
0,670496030793
0,750529690254
0,590563349715
0,750597009176
0,550630668637
0,550664328098
0,51073164702
0,310765306481
0,430798965942
0,230832625403
0,390866284864
0,270899944325
0,270933603786
0,710967263247
1,15100092271
0,59106824163
1,07110190109
0,591135560552
0,431169220013
0,311202879474
0,831236538935
0,671270198396
0,751303857857
0,711337517318
0,791371176779
0,59140483624
1,0314384957
1,03147215516
0,511505814623
0,431539474084
0,431573133545
0,431606793006
0,471640452467
0,311707771389
0,75174143085
1,03177509031
0,511808749772
0,671842409233
0,591876068694
0,511909728155
0,431977047077
0,912010706538
0,872044365999
0,91207802546
0,312111684921
0,272145344382
0,632179003843
0,712212663304
0,552279982226
0,392313641687
0,472347301148
0,432380960609
0,47241462007
0,312448279531
0,232481938992
0,872515598453
0,272549257914
1,11258291737
0,672616576836
0,632650236297
0,592683895758
0,512717555219
0,55275121468
0,872784874141
0,832818533602
0,912852193063
0,792885852524
0,192919511985
0,392953171446
0,553054149829
0,43308780929
0,513121468751
0,473155128212
0,553188787673
0,353222447134
0,793256106595
0,233323425517
0,153357084978
0,753390744439
0,7934244039
0,633458063361
0,553491722822
0,473525382283
0,473559041744
0,793592701205
0,313626360666
0,273660020127
0,273693679588
0,313727339049
0,23376099851
0,153794657971
0,633828317432
0,473861976893
0,593895636354
0,513929295815
0,593962955276
0,393996614737
0,794030274198
0,834063933659
0,23409759312
0,234131252581
0,234164912042
0,114198571503
0,634232230964
0,514299549886
0,514333209347
0,914366868808
0,914400528269
0,87443418773
0,314501506652
0,794535166113
0,234568825574
0,154602485035
0,514636144496
0,554703463418
0,634737122879
0,474804441801
0,354871760723
0,194905420184
0,234939079645
0,155006398567
0,635040058028
0,555073717489
0,99510737695
0,955174695872
0,595208355333
0,435242014794
0,395275674255
0,795309333716
0,235342993177
0,195376652638
0,715410312099
0,71544397156
0,475477631021
0,675511290482
0,515544949943
0,875578609404
0,395645928326
0,235679587787
0,315746906709
0,31578056617
0,0758142256309
0,595847885092
1,07588154455
0,915915204014
0,995948863475
0,515982522936
0,556016182397
0,436049841858
0,436083501319
0,31611716078
0,756150820241
0,676184479702
0,716218139163
0,756285458085
0,516319117546
0,436352777007
0,436420095929
0,27645375539
0,196521074312
0,356554733773
0,276588393234
0,116622052695
1,07665571216
1,03672303108
0,996756690539
0,51679035
0,436824009461
0,396857668922
0,276891328383
0,716924987844
0,796958647305
0,716992306766
0,077025966227
0,717059625688
0,477194263532
0,477227922993
0,357295241915
0,237362560837
0,157396220298
0,99746353922
1,03749719868
0,517598177064
0,437631836525
0,357665495986
0,757699155447
0,677732814908
0,837766474369
0,23780013383
0,637867452752
0,597901112213
1,03793477167
0,477968431135
