0,646781235915
0,726756027567
0,686743423393
0,186730819219
0,426718215045
0,726693006697
0,646680402523
0,806667798349
1,26664259
1,34662998583
1,30661738165
1,34660477748
1,72659217331
1,34657956913
0,726566964957
0,346554360783
0,645772901995
0,685760297821
0,305747693647
0,305735089473
1,9657224853
1,14570988113
0,965697276951
0,345684672777
0,805672068603
0,345659464429
0,305634256081
0,685609047733
0,345596443559
0,305583839385
0,765571235211
0,425558631037
1,26552081852
1,34550821434
0,265470401819
0,305457797645
0,645432589297
0,685407380949
0,385394776775
0,965382172601
0,305369568427
0,265356964253
0,385344360079
1,14533175591
0,805319151731
0,965230922513
0,885218318339
0,765205714165
0,345193109991
0,965180505817
0,345167901643
0,225155297469
0,965130089121
0,305117484947
0,305104880773
0,425092276599
1,34507967242
0,685067068251
0,425041859903
1,14502925573
0,385016651555
0,265004047381
0,464991443207
1,14497883903
0,804966234859
0,764953630685
1,38492842234
0,724915818163
0,264903213989
1,84489060981
0,804865401467
0,344852797293
0,343970505113
0,643957900939
0,263932692591
0,683920088417
0,463907484243
0,683894880069
0,303882275895
0,643869671721
0,763857067547
0,343831859199
0,643806650851
0,343794046677
0,263781442503
0,923768838329
0,343756234155
0,263743629981
0,263731025807
0,343718421633
0,303705817459
0,303693213285
0,263680609111
0,883668004937
0,263655400763
0,303642796589
0,263630192415
0,463617588241
0,263604984067
0,383592379893
1,26357977572
0,683567171545
0,263554567371
0,683541963197
0,303529359023
0,463516754849
0,303504150675
0,643491546501
0,383478942327
0,343466338153
0,303453733979
0,463441129805
1,26342852563
0,463415921457
0,343403317283
0,683390713109
0,383378108935
0,463365504761
0,263352900587
0,383340296413
0,463327692239
0,463315088065
0,263302483891
0,683289879717
0,383277275543
0,383264671369
0,423252067195
0,223239463021
0,343226858847
0,423214254673
0,263201650499
0,383189046325
0,303176442151
0,423163837977
0,303151233803
0,643138629629
0,263126025455
0,423113421281
0,303100817107
0,643088212933
0,383075608759
0,383063004585
0,303050400411
0,643037796237
0,423025192063
0,383012587889
0,342999983715
0,682987379541
0,382974775367
0,382962171193
0,262949567019
0,642936962845
0,642924358671
0,842319358319
0,302306754145
0,642294149971
0,462281545797
0,302268941623
0,302256337449
0,642243733275
0,642231129101
0,302218524927
0,302205920753
0,682193316579
0,462180712405
0,302168108231
0,302155504057
0,642142899883
0,642130295709
0,302117691535
0,302105087361
0,642092483187
0,342079879013
0,302067274839
0,801311024399
0,301298420225
0,641285816051
0,461273211877
0,301260607703
0,301248003529
0,461235399355
0,641222795181
0,341210191007
0,301197586833
0,641184982659
0,461172378485
0,641159774311
0,341147170137
0,301134565963
2,42114717014
1,80113456596
1,14112196179
0,301109357615
0,341096753441
0,641084149267
0,801071545093
0,301058940919
0,880302690479
0,300290086305
0,720277482131
0,380264877957
0,260252273783
0,300239669609
0,640227065435
0,300214461261
0,260201857087
0,300189252913
0,640176648739
0,460164044565
0,300151440391
0,380138836217
0,680126232043
0,640113627869
0,340101023695
0,340088419521
0,680075815347
0,260063211173
0,340050606999
0,799294356559
0,339281752385
0,679269148211
0,419256544037
0,259243939863
0,299231335689
0,719218731515
0,419206127341
0,299193523167
0,299180918993
0,639168314819
0,339155710645
0,299143106471
0,299130502297
0,459117898123
0,639105293949
0,299092689775
0,299080085601
0,459067481427
0,639054877253
0,339042273079
0,758286022639
0,298273418465
0,298260814291
0,298248210117
0,678235605943
0,338223001769
0,338210397595
0,338197793421
0,638185189247
0,338172585073
0,298159980899
0,298147376725
0,638134772551
0,298122168377
0,258109564203
0,338096960029
0,838084355855
0,298071751681
0,338059147507
0,338046543333
0,458033939159
0,797277688719
0,337265084545
0,297252480371
0,297239876197
0,297227272023
0,297214667849
0,297202063675
0,297189459501
0,637176855327
0,297164251153
0,337151646979
0,297139042805
0,637126438631
0,377113834457
0,377101230283
0,337088626109
0,677076021935
0,337063417761
0,377050813587
0,337038209413
0,717025605239
0,836269354799
0,336256750625
0,296244146451
0,296231542277
0,336218938103
0,296206333929
0,296193729755
0,296181125581
0,336168521407
0,296155917233
0,296143313059
0,336130708885
0,636118104711
0,296105500537
0,336092896363
0,296080292189
0,416067688015
0,296055083841
0,296042479667
0,296029875493
0,636017271319
0,715261020879
0,335248416705
0,295235812531
0,335223208357
0,675210604183
0,335198000009
0,295185395835
0,255172791661
0,415160187487
0,295147583313
0,455134979139
0,295122374965
0,295109770791
0,295097166617
0,295084562443
0,335071958269
0,295059354095
0,295046749921
0,635034145747
0,255021541573
0,295008937399
0,794252686959
0,294240082785
0,454227478611
0,294214874437
0,294202270263
0,294189666089
0,454177061915
0,334164457741
0,294151853567
0,294139249393
0,634126645219
0,454114041045
0,674101436871
0,334088832697
0,674076228523
0,414063624349
0,634051020175
0,294038416001
0,454025811827
0,634013207653
0,454000603479
0,793244353039
0,293231748865
0,633219144691
0,453206540517
0,293193936343
0,333181332169
0,293168727995
0,453156123821
0,633143519647
0,293130915473
0,453118311299
0,673105707125
0,453093102951
0,293080498777
0,293067894603
0,293055290429
0,253042686255
0,333030082081
0,673017477907
0,293004873733
0,332992269559
0,752236019119
0,252223414945
0,372210810771
0,332198206597
0,292185602423
0,332172998249
0,632160394075
0,292147789901
0,252135185727
0,292122581553
0,292109977379
0,672097373205
0,412084769031
0,292072164857
0,332059560683
0,672046956509
0,452034352335
0,292021748161
0,332009143987
0,671996539813
0,411983935639
0,791227685199
0,331215081025
0,331202476851
0,671189872677
0,411177268503
0,291164664329
0,291152060155
0,451139455981
0,291126851807
0,291114247633
0,291101643459
0,451089039285
0,291076435111
0,371063830937
0,291051226763
0,631038622589
0,251026018415
0,251013414241
0,291000810067
0,630988205893
0,450975601719
0,750219351279
0,290206747105
0,290194142931
0,630181538757
0,450168934583
0,290156330409
0,290143726235
0,670131122061
0,410118517887
0,290105913713
0,290093309539
0,630080705365
0,290068101191
0,290055497017
0,290042892843
0,450030288669
0,670017684495
0,290005080321
0,329992476147
0,329979871973
0,329967267799
1,74922362153
1,32921101736
0,629198413185
0,289185809011
0,289173204837
0,289160600663
0,289147996489
0,289135392315
0,329122788141
0,409110183967
0,289097579793
0,289084975619
0,369072371445
0,709059767271
0,289047163097
0,629034558923
0,329021954749
0,669009350575
0,288996746401
0,328984142227
0,288971538053
0,328958933879
0,748202683439
0,288190079265
0,288177475091
0,288164870917
0,668152266743
0,328139662569
0,288127058395
0,328114454221
0,288101850047
0,288089245873
0,288076641699
0,288064037525
0,288051433351
0,288038829177
0,248026225003
0,288013620829
0,708001016655
0,287988412481
0,287975808307
0,327963204133
0,707950599959
0,746891849343
0,246879245169
0,286866640995
0,286854036821
0,666841432647
0,326828828473
0,286816224299
0,246803620125
0,666791015951
0,286778411777
0,286765807603
0,286753203429
0,666740599255
0,286727995081
0,326715390907
0,326702786733
0,706690182559
0,326677578385
0,326664974211
0,286652370037
0,745681848639
0,325669244465
0,665656640291
0,325644036117
0,285631431943
0,445618827769
0,665606223595
0,285593619421
0,285581015247
0,665568411073
0,625555806899
0,325543202725
0,744068514367
0,324055910193
0,284043306019
0,244030701845
0,704018097671
0,324005493497
0,283992889323
0,623980285149
0,243967680975
0,283955076801
0,283942472627
0,283929868453
0,783917264279
0,323904660105
0,403892055931
0,323879451757
0,283097992969
0,443085388795
0,323072784621
0,323060180447
0,283047576273
0,403034972099
0,283022367925
0,283009763751
0,322997159577
0,622984555403
0,282971951229
0,282959347055
0,282946742881
0,402934138707
0,442921534533
0,282908930359
0,282896326185
0,622883722011
0,322871117837
0,282858513663
0,782102263223
0,322089659049
0,282077054875
0,282064450701
0,322051846527
0,282039242353
0,442026638179
0,242014034005
0,322001429831
0,281988825657
0,441976221483
0,321963617309
0,321951013135
0,281938408961
0,621925804787
0,281913200613
0,241900596439
0,281887992265
0,281875388091
0,281862783917
0,281850179743
