0,787951787769
0,248002746975
0,248053706181
0,288104665387
0,708155624593
0,288206583799
0,288257543005
0,208308502211
0,288359461417
1,24846137983
1,20851233903
0,288665216653
0,708716175859
0,248767135065
0,788818094271
0,668869053477
0,328920012683
0,208970971889
0,249021931095
0,629072890301
1,24912384951
0,632283320279
0,252385238691
0,452436197897
0,292487157103
0,292538116309
0,252589075515
0,632690993927
0,292741953133
0,292792912339
0,452843871545
0,292894830751
0,292945789957
0,292996749163
0,293047708369
0,753098667575
0,293149626781
0,673200585987
0,673251545193
0,256360056759
0,296411015965
0,676461975171
0,636512934377
0,636614852789
0,376665811995
0,256716771201
0,256767730407
0,256818689613
0,216869648819
0,636920608025
0,297073485643
0,757124444849
0,297175404055
0,297226363261
0,257277322467
0,260436793239
0,260487752445
0,260640630063
0,300691589269
0,300742548475
0,840793507681
0,260844466887
0,260895426093
0,260946385299
0,760997344505
0,641048303711
0,681099262917
0,221150222123
0,641201181329
0,721252140535
0,301303099741
0,801354058947
0,181405018153
0,344513529719
0,304564488925
0,304615448131
0,224666407337
0,684717366543
0,304768325749
0,264819284955
0,264870244161
0,344921203367
0,644972162573
0,265023121779
0,305125040191
0,305175999397
0,305226958603
0,265277917809
0,685328877015
0,305379836221
0,225430795427
0,265481754633
0,768539306993
0,728590266199
0,268641225405
0,688692184611
0,308743143817
0,728794103023
0,268845062229
0,728896021435
0,268946980641
0,269048899053
0,649099858259
0,229150817465
0,309201776671
0,229252735877
0,689303695083
0,269354654289
0,269405613495
0,229456572701
0,649507531907
0,269558491113
0,772616043473
0,312667002679
0,232717961885
0,692768921091
0,352819880297
0,232870839503
0,272921798709
0,652972757915
0,313023717121
0,273074676327
0,233125635533
0,653176594739
0,313227553945
0,273278513151
1,35332947236
0,653380431563
0,273431390769
0,273482349975
0,273533309181
0,693584268387
1,31669277995
0,696743739159
1,43679469837
0,656845657571
0,316896616777
0,316947575983
1,47699853519
0,697049494395
0,277100453601
0,317151412807
1,43720237201
0,657253331219
0,277304290425
0,277355249631
0,237406208837
0,657457168043
0,277508127249
0,317559086455
0,237610045661
0,737661004867
0,277711964073
1,74071855723
1,32076951643
0,660820475639
0,700922394051
0,280973353257
0,281024312463
0,661126230875
0,281177190081
0,321228149287
0,281279108493
0,701330067699
0,321431986111
0,281482945317
1,70153390452
0,741635822935
0,661737741347
0,321788700553
0,824846252913
0,664897212119
0,664948171325
0,244999130531
0,325050089737
0,665101048943
0,325152008149
0,245202967355
0,705304885767
0,365355844973
0,365457763385
0,365508722591
0,285559681797
0,285661600209
0,325712559415
0,325763518621
0,325814477827
0,828922989393
0,368973948599
0,789024907805
0,289126826217
0,329177785423
1,32922874463
0,289330663041
0,289381622247
0,329483540659
0,289534499865
0,329585459071
0,789636418277
0,369687377483
0,289738336689
0,369789295895
0,789840255101
0,289891214307
0,289942173513
0,792999725873
0,333050685079
0,793101644285
0,333152603491
0,753203562697
0,713254521903
0,293305481109
0,293356440315
0,333407399521
0,493509317933
0,333560277139
0,753611236345
0,333662195551
0,293713154757
0,713764113963
0,253815073169
0,333866032375
0,333916991581
0,953967950787
0,837076462353
0,757178380765
0,337229339971
0,257280299177
0,337331258383
0,717382217589
0,677433176795
0,457484136001
0,297535095207
0,677586054413
1,29773893203
0,757789891237
0,297840850443
0,677891809649
0,377942768855
0,757993728061
0,718044687267
1,26115319883
0,681255117245
0,341306076451
0,341407994863
0,761458954069
0,261509913275
0,341560872481
0,301611831687
0,501662790893
1,3017137501
0,721764709305
0,261815668511
0,341866627717
1,30191758692
0,722019505335
0,462070464541
0,382172382953
0,845229935313
0,305280894519
0,305331853725
1,00538281293
0,305433772137
0,345535690549
0,725586649755
0,305637608961
0,265688568167
0,425739527373
1,34579048658
0,685841445785
0,465943364197
0,806096241815
0,726147201021
0,346198160227
0,306249119433
0,769510508617
0,349561467823
0,509612427029
0,689663386235
0,309714345441
0,269765304647
0,349816263853
0,689867223059
0,309918182265
0,349969141471
0,510020100677
0,690071059883
0,310122019089
0,310172978295
0,310223937501
0,690274896707
0,350325855913
0,350376815119
0,690427774325
0,510478733531
0,310529692737
1,89353628589
0,733638204303
0,433689163509
0,273740122715
0,473791081921
0,313842041127
0,473893000333
0,313943959539
1,31399491875
1,73404587795
1,35409683716
0,774198755569
1,47424971478
0,734300673981
0,274351633187
0,434402592393
0,474453551599
0,354504510805
0,274555470011
0,897663981577
0,357714940783
0,517765899989
0,737816859195
0,317867818401
0,397918777607
0,277969736813
0,738020696019
0,358071655225
0,358122614431
1,35822453284
0,778275492049
0,358326451255
0,698377410461
0,318428369667
0,778479328873
0,358530288079
0,698581247285
0,478632206491
0,358683165697
0,282199350911
0,322250310117
1,74230126932
0,282403187735
0,742454146941
0,362505106147
0,402556065353
0,282607024559
1,78270894297
0,742861820589
1,40291277979
0,743014698207
0,443065657413
1,36744814913
0,707499108335
0,327550067541
0,747601026747
0,287651985953
0,367702945159
1,74775390437
1,32780486357
0,787906781983
0,407957741189
0,908008700395
0,708059659601
0,408110618807
0,368161578013
1,32821253722
0,828263496425
0,748314455631
0,708416374043
0,411575844815
0,331626804021
0,371677763227
0,371728722433
0,371779681639
0,331830640845
0,711881600051
0,331932559257
0,411983518463
0,372034477669
0,372085436875
0,372136396081
0,292187355287
0,372238314493
0,912289273699
0,292340232905
0,372391192111
0,252442151317
0,712493110523
0,372544069729
0,415652581295
0,335703540501
1,03575449971
0,335805458913
0,335856418119
0,375958336531
0,376009295737
0,376060254943
0,296111214149
0,756162173355
0,836213132561
0,376264091767
0,296315050973
0,796366010179
0,756416969385
0,416467928591
0,336518887797
