1,2
0,8
1,0
1,46
0,54
1,0
1,2
0,8
1,28
0,72
1,54
0,46
1,0
1,0
1,46
1,5
0,54
0,5
14,46
1,58
9,96
2,46
0,58
1,0
0,96
1,08
0,92
1,08
0,96
1,0
1,0
1,5
0,5
21,96
1,04
1,16
1,84
1,0
1,0
22,0
0,42
0,58
1,46
0,54
1,0
2,0
0,42
21,04
0,54
0,96
1,46
0,54
1,0
1,0
1,46
0,5
7,12
21,38
0,58
1,0
1,0
1,0
2,0
1,24
0,76
21,04
0,96
0,96
1,04
1,0
1,5
0,46
1,04
1,24
0,76
1,46
0,54
20,96
0,46
0,78
0,84
0,92
1,46
0,74
0,84
22,96
0,5
0,5
1,0
3,0
2,0
1,46
0,54
3,0
1,0
1,54
0,46
1,24
1,22
0,54
2,04
1,42
0,54
2,0
1,46
0,54
1,0
1,0
1,46
0,58
2,0
1,42
0,66
1,88
1,46
0,54
1,46
0,54
1,46
0,62
0,96
1,42
0,54
1,04
1,42
0,58
1,42
0,54
1,5
0,54
1,42
0,82
1,22
0,54
1,46
0,54
1,5
0,54
1,38
0,58
1,0
1,42
0,58
1,0
1,0
1,42
0,58
0,96
1,04
1,46
0,5
1,0
1,04
1,92
0,12
0,96
2,62
0,34
0,96
1,08
1,42
0,58
0,96
1,0
1,5
0,5
1,54
0,5
2,04
1,54
0,42
1,42
0,58
1,58
0,46
1,96
1,54
0,46
1,92
0,2
1,54
0,42
1,38
0,54
1,5
0,46
1,0
0,96
1,5
1,54
0,28
0,68
1,12
2,16
0,26
0,46
1,2
0,84
1,46
0,5
1,5
0,54
1,2
0,8
1,2
1,3
0,5
1,0
1,16
1,84
1,0
1,04
2,42
0,54
1,0
2,0
1,58
0,42
1,04
1,42
0,58
2,16
0,96
1,46
0,42
2,42
0,78
0,8
1,42
0,5
1,28
2,22
0,5
1,08
2,42
0,5
1,2
2,3
0,5
1,24
2,26
0,54
1,28
2,18
0,58
1,42
1,0
0,54
1,54
0,5
1,0
0,92
1,54
0,54
1,0
0,92
1,54
0,58
0,96
0,92
1,16
0,92
1,0
0,92
1,58
0,5
1,0
0,92
1,54
0,66
0,84
1,66
0,34
1,0
2,66
0,38
0,96
2,46
0,58
0,96
2,5
0,54
0,96
2,7
0,38
0,96
2,62
0,38
0,96
2,16
0,88
1,46
0,54
0,96
1,04
1,24
0,8
1,38
0,58
1,04
1,92
0,28
0,76
1,04
0,96
1,24
0,76
1,0
1,04
1,42
0,96
0,62
0,96
1,0
0,96
1,04
1,5
0,5
0,96
1,0
1,5
0,54
0,96
1,24
0,8
1,0
0,96
1,04
1,0
1,0
0,96
1,04
1,0
1,0
1,0
1,0
2,42
0,58
2,16
0,96
1,08
1,8
1,0
1,0
1,96
1,04
1,0
1,96
1,04
1,0
1,96
1,04
1,0
2,0
1,04
0,96
1,0
1,24
0,8
1,0
0,96
1,5
0,54
0,96
1,0
1,24
0,76
2,0
1,0
1,0
1,0
1,0
1,42
0,58
1,0
1,0
1,12
0,8
1,0
1,08
1,0
1,42
0,5
1,08
1,0
1,42
0,58
1,0
1,04
1,38
0,58
1,0
1,46
0,96
0,54
1,04
1,0
1,46
0,54
1,0
1,08
0,84
1,5
0,58
1,0
0,92
1,54
0,54
1,0
0,92
1,54
0,54
1,0
0,92
1,62
0,46
1,0
0,92
1,54
0,54
1,0
0,96
1,2
0,84
1,04
2,46
0,5
3,08
1,34
2,62
0,96
2,96
1,04
3,12
0,88
3,04
0,96
2,5
0,5
1,0
1,96
0,54
0,5
1,0
1,0
1,42
0,58
1,0
1,96
0,46
0,62
0,96
1,0
1,5
0,5
1,0
1,0
1,5
0,5
1,0
1,0
0,96
1,04
1,0
0,96
1,5
0,54
1,0
0,96
1,54
0,5
1,0
0,96
1,5
0,58
0,96
0,96
1,5
0,54
1,0
0,96
1,54
0,5
1,0
1,0
1,16
1,3
0,54
1,04
1,2
1,22
0,54
1,0
1,12
1,38
0,54
1,0
0,96
1,46
0,5
1,04
1,0
1,46
0,54
1,42
0,58
1,46
0,54
0,96
1,5
0,5
1,0
1,5
0,54
1,0
1,0
1,46
0,54
1,0
1,0
1,58
0,46
0,96
1,0
1,5
0,5
1,0
1,0
1,54
0,46
1,0
1,0
1,96
1,5
0,5
1,04
0,96
1,46
0,54
1,0
1,0
1,46
0,5
1,08
0,96
1,46
0,54
1,04
1,0
1,46
0,5
1,04
0,96
1,46
0,54
1,04
1,42
0,58
1,24
2,22
0,54
1,96
1,46
0,62
1,38
2,0
0,58
2,0
1,42
0,58
1,42
0,54
1,46
0,58
1,96
0,96
1,24
0,84
1,0
0,92
1,28
0,96
1,04
0,76
1,5
0,54
1,04
0,88
1,5
0,82
0,8
0,88
1,54
0,54
1,42
0,5
2,0
0,12
0,96
2,0
1,46
0,54
1,46
0,54
1,46
0,5
1,54
0,5
1,46
0,54
1,42
0,58
1,46
0,54
1,46
0,54
1,46
0,58
1,38
0,58
1,46
0,58
1,38
0,62
1,88
0,16
1,34
0,58
0,96
1,04
1,24
0,76
0,96
1,28
1,0
0,76
1,0
1,0
1,2
0,8
0,96
2,0
0,24
0,8
0,96
1,04
1,0
1,5
0,5
1,42
0,54
1,46
0,58
0,96
1,04
1,5
0,5
0,96
1,04
1,46
0,54
0,96
1,04
1,46
0,54
1,5
0,54
0,92
1,08
0,96
2,54
0,46
1,5
0,5
1,24
1,18
0,54
1,04
0,96
1,46
0,54
1,04
1,0
1,42
0,54
1,04
1,42
1,0
0,5
1,08
0,96
1,46
0,54
1,0
1,04
1,04
1,16
0,76
1,04
1,04
1,46
0,46
1,08
0,96
1,16
0,8
1,04
1,0
1,24
0,76
1,0
1,04
1,16
0,76
1,04
1,04
0,96
1,42
0,58
2,0
1,42
0,58
2,0
1,42
0,58
0,96
1,0
1,46
0,54
2,16
1,3
0,58
0,96
2,5
0,54
1,24
1,18
0,58
2,0
1,04
0,92
1,96
0,12
1,0
0,88
1,24
0,84
1,0
0,92
1,16
0,92
1,0
0,92
1,24
0,84
1,0
0,92
1,5
0,58
1,0
2,0
1,5
0,5
1,5
0,54
0,92
1,96
1,08
1,46
0,54
1,46
0,54
1,5
0,46
0,96
1,08
0,96
1,96
1,08
1,46
0,54
1,42
0,66
0,88
1,04
1,16
0,84
1,0
1,0
1,24
0,8
0,92
1,04
1,46
0,54
1,2
0,8
1,0
1,0
0,96
1,04
1,24
0,76
0,96
1,2
0,84
1,46
0,58
1,0
0,96
1,46
0,54
1,42
0,58
1,46
0,54
1,46
0,54
1,46
0,54
1,0
1,0
1,46
0,54
1,0
0,96
1,46
0,58
0,96
2,58
0,46
0,96
1,04
0,96
1,5
0,46
1,08
0,96
1,46
0,54
2,04
1,42
0,5
1,08
0,96
1,5
0,5
1,08
0,92
1,46
0,5
1,04
1,04
1,0
1,24
0,72
1,04
1,0
1,24
0,72
1,04
1,0
1,24
0,72
1,04
1,0
1,96
1,04
1,0
1,0
0,96
1,04
1,0
1,42
1,04
0,54
2,0
1,46
0,5
2,0
1,54
0,5
1,96
1,5
0,54
2,04
1,38
0,58
1,16
2,26
0,58
0,96
1,5
0,46
1,08
1,0
1,0
0,92
1,16
0,92
1,0
0,96
1,12
0,92
1,04
0,92
1,5
0,58
0,96
0,92
1,5
0,58
1,0
0,92
1,54
0,54
1,0
2,0
1,5
0,5
1,46
0,5
1,46
0,54
1,54
0,46
1,46
0,58
1,5
0,5
1,46
0,58
1,5
0,46
1,5
0,54
1,46
0,54
1,46
0,5
1,5
0,54
0,96
1,0
1,24
0,8
0,92
1,08
1,38
0,62
1,12
0,84
0,96
1,04
0,96
1,24
1,04
0,76
0,96
1,04
1,24
0,8
0,92
1,04
1,0
1,46
0,54
0,96
1,04
1,46
0,54
0,96
1,04
1,46
0,54
0,96
1,08
1,42
0,54
0,96
1,04
1,46
0,54
1,42
0,58
1,46
0,58
0,92
2,5
0,54
1,5
0,5
0,96
1,46
0,54
1,04
0,96
1,46
0,5
1,08
0,96
1,46
0,5
1,08
0,96
1,46
0,54
1,04
0,96
1,46
0,54
1,0
1,08
0,96
1,16
0,8
1,08
0,96
1,42
0,54
1,0
1,0
1,24
0,76
1,04
1,0
1,46
0,5
1,04
1,0
1,24
1,18
0,58
1,0
1,12
1,3
0,62
1,96
1,42
0,58
1,12
2,3
0,58
1,96
1,5
0,58
1,96
1,42
0,58
1,96
1,46
0,58
1,96
0,96
1,5
0,78
0,8
0,92
1,5
0,58
1,0
0,92
1,54
0,54
1,0
0,92
1,5
0,58
1,0
0,92
1,5
0,58
1,0
0,96
1,5
0,7
0,88
1,54
0,42
1,5
0,54
3,38
1,5
1,08
1,46
0,54
0,92
1,08
0,96
1,96
1,54
0,58
1,88
1,08
1,46
1,46
0,28
0,92
0,88
1,0
1,2
0,8
1,0
1,0
1,2
0,8
0,96
1,04
1,16
1,04
0,8
1,96
0,2
0,84
0,96
1,04
0,96
1,04
0,96
1,24
0,84
1,42
0,54
1,0
1,0
1,5
0,5
1,46
0,54
1,42
0,62
1,38
0,58
1,46
0,54
1,0
1,0
0,96
1,04
1,0
1,0
1,58
0,42
1,42
0,58
0,96
1,46
0,54
1,04
0,96
1,46
0,54
1,04
0,96
1,46
0,54
1,04
0,96
1,46
0,54
1,04
0,96
1,5
0,5
1,04
0,96
1,46
0,54
1,0
1,08
1,0
0,96
0,96
1,08
0,96
1,16
0,8
1,04
1,0
1,24
0,72
1,04
1,0
1,24
0,72
1,04
1,0
1,46
0,5
1,04
1,0
1,42
1,0
0,58
2,0
1,42
0,58
1,96
1,46
0,58
1,96
1,46
0,58
1,96
1,46
0,58
1,96
1,46
0,58
1,96
1,0
1,24
0,8
1,0
0,92
1,24
0,84
1,0
0,92
1,5
0,7
0,88
0,92
1,62
0,42
1,04
0,92
1,5
0,78
0,8
0,92
1,24
0,84
1,42
1,58
1,46
0,54
0,92
1,12
1,46
0,54
1,42
0,54
1,5
0,5
1,54
0,46
1,46
0,58
0,88
1,08
1,46
0,54
1,46
0,54
1,46
0,5
1,28
0,76
0,96
1,04
1,2
1,22
0,54
1,04
1,2
0,8
0,96
1,04
1,2
0,8
0,96
1,04
1,2
0,8
0,96
1,04
1,24
0,76
0,96
1,04
1,0
1,46
0,54
1,0
1,0
1,46
0,54
0,96
1,04
1,46
0,54
1,46
0,54
1,46
0,58
1,0
0,92
1,46
0,58
1,0
1,04
1,42
0,58
0,92
1,04
1,0
1,46
0,5
1,04
0,96
1,46
0,54
1,04
0,96
1,46
0,54
1,0
1,04
1,42
0,54
1,04
0,96
1,46
0,54
1,5
0,5
2,04
1,0
1,0
1,04
1,04
0,92
1,04
1,0
1,38
0,54
1,08
0,96
1,46
0,5
1,04
1,0
2,12
0,88
1,0
2,08
0,92
1,0
1,16
1,26
0,58
2,0
1,42
0,58
2,0
1,42
0,58
1,96
1,46
0,54
2,04
1,5
0,5
2,0
1,42
0,54
2,2
0,76
1,62
0,5
1,0
0,92
1,5
0,54
1,0
0,92
1,54
0,54
1,0
0,92
1,16
0,92
1,0
0,92
1,5
0,58
1,0
0,92
1,16
0,92
1,0
1,96
1,5
0,54
0,92
1,58
0,46
2,58
0,46
1,5
0,46
1,54
0,5
1,46
0,54
1,46
0,54
1,46
0,58
1,42
0,54
1,5
0,5
1,24
0,76
1,0
2,0
0,2
0,8
0,96
1,04
1,2
0,96
0,84
2,0
0,2
0,92
0,84
2,0
0,2
0,84
0,96
1,04
1,16
0,84
0,96
1,04
1,04
1,46
0,5
1,46
0,54
1,5
0,5
1,0
1,0
1,46
0,58
1,42
0,58
1,42
0,58
0,92
1,04
0,96
1,04
1,0
0,96
1,46
0,58
0,96
1,04
0,96
1,46
0,5
1,54
0,54
1,96
1,04
0,96
1,54
0,42
1,12
0,92
1,5
0,5
1,04
0,96
1,5
0,46
1,54
0,58
1,92
1,0
1,04
1,0
1,2
0,76
1,04
1,0
1,0
0,96
1,04
1,0
1,12
0,84
1,04
1,0
1,96
1,04
1,0
1,0
0,96
1,08
1,0
1,46
0,92
0,58
2,0
1,42
0,58
1,24
2,18
0,62
1,92
1,5
0,54
2,0
1,42
0,58
2,0
1,42
0,58
1,96
1,96
0,32
0,76
1,0
0,92
1,16
0,92
1,0
0,96
1,54
0,66
0,88
0,88
1,58
0,5
1,04
0,88
1,54
0,54
1,0
0,92
1,5
0,58
1,0
2,0
1,46
0,54
0,92
1,08
0,96
2,54
0,5
1,46
0,54
1,46
0,54
1,46
0,54
1,42
0,58
1,46
0,54
0,92
1,12
1,42
0,54
1,5
0,58
0,88
1,08
1,38
0,62
0,96
1,0
1,16
0,84
0,96
1,04
0,96
1,04
0,96
1,04
1,24
0,76
0,96
1,04
1,24
0,76
0,96
1,04
1,0
0,96
1,04
3,0
1,04
0,92
1,04
1,46
0,54
0,96
1,04
1,46
0,54
1,5
0,5
1,46
0,58
0,92
1,04
1,46
0,54
0,96
1,04
0,96
1,46
0,5
1,12
0,92
1,5
0,5
1,04
1,42
1,04
0,46
1,08
0,96
1,46
0,5
1,08
0,96
1,46
0,54
1,04
0,96
1,54
0,46
1,0
1,04
1,0
1,96
1,04
1,0
1,42
0,54
1,04
1,0
1,16
0,8
1,04
1,0
1,16
0,8
1,04
1,0
1,12
0,84
1,04
1,0
1,04
1,38
0,58
2,08
1,84
0,12
2,0
1,38
0,58
1,42
0,62
1,42
0,54
1,24
2,22
0,54
1,96
1,46
0,58
1,96
0,96
1,66
0,42
1,0
0,92
1,16
0,92
1,0
0,92
1,58
0,5
1,0
0,92
1,5
0,82
0,76
0,92
1,16
