1,12
1,26
0,62
1,42
0,66
0,92
1,38
0,62
1,46
0,5
1,04
1,34
0,66
0,96
1,04
1,38
1,0
0,62
0,88
0,96
1,08
0,96
1,0
1,46
0,58
0,96
1,0
1,46
0,58
0,96
1,0
1,0
1,46
1,54
2,04
0,96
1,0
1,08
1,0
0,92
1,0
1,0
1,46
1,04
0,5
2,04
1,42
0,54
1,12
1,88
1,0
1,08
1,0
1,38
0,54
1,12
0,96
0,92
1,0
1,08
1,0
0,92
1,0
1,0
1,12
0,88
1,46
0,54
1,08
0,92
2,46
0,54
1,0
1,12
1,04
1,3
0,62
1,42
0,58
1,66
1,0
0,38
1,46
0,54
1,96
1,16
1,22
1,08
0,54
1,42
0,7
0,88
1,62
0,96
0,38
1,08
1,16
1,26
0,54
1,16
1,04
1,3
0,54
2,62
0,34
1,46
2,24
0,42
1,3
1,74
0,8
1,08
2,46
0,16
0,34
0,96
2,7
0,38
1,46
0,58
1,92
0,54
0,46
2,62
0,42
0,96
1,12
1,58
0,38
0,88
1,2
1,88
0,46
0,96
0,58
1,58
0,46
0,88
1,24
1,68
0,16
1,0
1,16
0,72
1,0
1,46
0,58
1,5
0,46
1,0
1,08
1,46
1,0
0,46
1,08
1,46
0,46
1,0
1,08
2,42
0,5
1,08
0,96
0,96
1,0
1,08
1,46
0,46
1,0
1,08
2,92
0,46
0,58
1,0
1,04
1,38
1,54
1,46
1,04
0,5
8,5
0,5
1,46
0,54
2,0
1,04
0,96
1,0
1,46
0,58
0,96
1,0
1,04
1,0
0,96
1,0
1,04
1,42
0,54
1,58
0,54
1,16
0,8
0,96
1,2
1,0
0,88
2,16
1,26
0,62
0,96
2,16
0,84
3,0
1,34
0,58
1,08
5,34
1,08
2,96
1,78
3,18
7,0
1,0
1,78
0,88
3,12
3,0
1,0
1,22
3,74
3,0
2,3
0,58
1,42
0,58
3,12
5,26
0,78
2,88
5,16
1,0
1,72
1,96
3,5
4,5
1,04
2,0
2,46
4,54
3,0
5,46
6,04
0,96
0,58
1,42
0,54
2,04
1,04
1,46
0,92
4,0
2,0
4,04
1,96
1,0
2,04
2,78
2,18
1,66
2,34
1,0
8,0
0,58
0,96
1,46
1,0
1,54
2,04
2,96
4,46
5,54
1,46
1,0
0,58
3,42
0,58
1,42
0,54
1,46
1,54
1,0
2,04
1,04
2,38
0,58
1,42
2,0
2,0
1,08
0,46
2,0
6,46
5,04
2,96
6,12
1,04
0,84
2,0
3,0
1,54
2,46
2,54
3,04
1,42
1,0
5,0
2,0
7,54
3,5
4,0
2,54
1,04
1,38
5,0
0,58
0,96
4,46
2,58
2,42
2,0
4,04
1,12
1,66
2,26
0,96
3,62
4,92
1,42
0,54
1,0
8,0
1,04
1,42
1,04
0,96
5,58
0,96
5,46
2,54
1,46
4,0
1,0
0,58
3,42
7,58
4,96
1,54
0,92
0,58
1,04
2,04
2,34
2,0
4,0
1,66
2,34
3,08
0,92
3,54
1,08
10,92
1,0
1,46
3,54
1,08
1,92
4,46
5,58
4,0
0,96
1,46
3,0
3,0
4,54
1,46
3,54
1,46
1,0
4,62
3,46
0,58
1,0
3,0
6,0
1,5
1,5
1,0
2,34
0,54
6,46
4,54
1,46
2,04
3,54
3,42
6,54
2,46
0,54
2,0
1,46
4,04
1,96
2,0
1,0
0,54
3,46
3,0
7,0
3,0
3,04
7,66
1,0
4,0
2,34
0,5
3,04
7,42
1,54
2,0
3,0
4,0
3,0
2,46
2,54
16,0
3,46
1,54
1,46
1,0
4,0
1,04
0,96
1,66
4,34
2,0
1,62
2,04
3,0
6,38
5,96
3,0
2,0
0,58
1,96
1,0
4,0
1,5
3,96
6,0
2,04
4,5
1,0
6,04
2,42
0,54
1,0
1,46
1,54
4,0
4,0
2,12
2,0
2,0
0,96
2,38
0,62
1,38
2,0
4,0
2,04
1,96
4,0
2,0
0,54
1,54
0,92
0,58
0,96
1,46
6,0
2,0
3,0
1,04
2,5
3,04
1,5
0,96
3,5
2,46
2,0
1,0
1,54
1,0
2,46
2,0
4,0
1,0
3,0
1,0
3,12
3,08
0,84
0,96
7,08
4,0
4,46
1,08
2,38
3,62
2,38
2,0
0,54
1,46
1,0
1,0
2,0
0,58
1,46
3,96
0,54
2,46
1,0
4,0
5,0
3,04
1,54
2,42
0,54
3,46
0,54
1,46
2,0
1,54
1,46
0,58
4,54
4,54
3,42
0,54
1,38
2,0
1,04
1,96
1,04
0,62
1,42
1,58
4,38
2,5
1,46
5,0
2,0
1,0
1,0
0,58
1,5
0,92
1,58
0,96
6,46
3,0
1,0
2,0
0,54
2,46
2,0
1,0
3,0
1,0
5,0
2,0
1,54
2,46
1,58
6,04
1,04
2,92
4,42
1,66
1,34
2,66
4,88
4,46
3,58
4,42
0,58
3,0
2,42
6,54
2,0
1,96
1,04
1,0
1,0
3,0
1,46
5,0
4,54
1,0
1,46
1,54
1,0
5,46
1,12
2,96
5,92
3,7
4,34
5,5
5,46
4,54
2,04
0,96
7,46
0,54
3,04
2,96
1,46
2,54
3,0
4,0
5,0
1,46
1,54
1,46
3,0
1,62
0,92
5,46
2,04
0,96
3,0
9,12
0,96
2,0
0,58
1,34
4,0
2,0
0,54
1,46
4,0
4,0
2,0
1,0
2,0
0,54
2,46
4,0
0,54
2,46
1,0
3,54
2,46
9,54
1,0
3,0
1,0
1,0
2,46
0,54
1,46
1,66
6,34
2,0
1,7
1,46
0,84
1,66
1,42
0,92
2,66
1,34
0,54
1,0
0,96
1,5
8,0
4,0
1,0
0,54
5,0
1,46
4,0
4,0
3,54
1,0
4,0
1,0
8,0
2,0
1,46
2,54
1,08
3,38
3,66
2,0
11,34
0,66
1,88
3,04
1,96
2,12
1,88
1,46
4,58
1,42
1,0
0,54
2,0
1,08
1,92
6,04
0,96
2,0
3,0
3,46
3,54
4,46
5,54
1,46
0,54
2,46
4,0
2,54
1,46
1,0
1,58
1,42
1,58
2,42
4,0
0,54
1,08
2,38
2,54
2,46
2,66
2,34
2,0
4,66
1,0
0,96
1,04
5,34
1,5
6,04
2,54
0,92
0,58
1,42
2,0
1,54
1,5
0,5
4,46
2,0
3,54
1,0
1,0
4,46
1,54
1,5
0,5
4,96
3,5
1,0
7,54
1,5
0,5
3,5
1,5
1,0
1,5
0,5
5,0
2,5
0,5
1,12
4,12
4,0
1,04
0,84
2,34
0,58
3,96
3,46
1,54
10,0
4,5
3,5
2,0
3,0
4,46
3,54
1,0
3,46
0,54
1,0
3,46
1,54
1,0
5,04
2,42
2,0
2,0
0,54
1,46
0,54
1,46
6,54
1,46
3,54
3,0
1,46
0,54
1,08
1,92
2,46
2,0
0,54
1,08
2,38
0,54
7,0
1,0
4,0
3,46
0,54
4,46
2,04
0,62
7,46
1,62
3,26
5,54
2,0
2,0
2,46
0,58
2,46
0,5
2,46
0,54
1,46
2,0
6,0
2,0
1,08
0,46
2,46
1,04
0,96
3,04
0,96
0,58
0,96
1,46
0,54
1,08
1,42
1,0
1,96
0,54
2,0
2,0
2,46
3,16
0,84
2,66
1,38
3,62
3,38
1,0
3,16
0,8
3,0
1,0
3,04
0,96
0,58
2,42
1,0
1,0
1,0
5,04
0,96
3,0
1,0
2,0
1,04
0,96
2,0
0,54
1,0
3,5
0,5
6,04
0,96
1,46
3,04
0,96
3,0
1,0
1,54
2,46
3,0
1,0
2,0
1,66
3,0
1,34
2,04
0,62
1,34
2,66
1,34
0,82
1,18
2,04
0,96
6,04
0,96
2,0
1,08
2,92
1,54
3,5
0,96
