1,16
0,84
1,0
1,42
0,66
0,92
1,08
0,88
1,16
0,88
1,0
1,16
1,0
0,84
1,46
0,74
0,92
0,88
1,12
1,42
1,54
1,04
1,38
0,96
0,58
1,08
1,42
0,58
0,96
1,04
1,42
0,54
1,0
1,0
1,38
0,66
0,92
1,04
1,34
0,66
1,0
1,08
0,88
1,38
0,66
1,08
1,34
0,58
1,04
1,04
0,96
1,38
0,66
2,8
0,58
0,58
1,0
1,04
1,0
2,38
0,46
0,5
0,66
1,88
0,46
1,08
0,58
2,38
0,66
0,96
2,34
0,46
0,28
0,92
1,3
0,66
1,04
1,38
0,62
2,92
0,54
0,62
0,88
0,96
1,38
0,66
1,92
0,5
0,62
0,96
2,5
0,58
1,22
0,66
1,04
1,3
0,7
1,92
0,58
0,58
0,92
1,46
0,66
0,84
1,08
1,54
0,76
0,62
1,08
1,54
0,76
0,62
1,08
1,38
0,7
0,88
1,04
1,46
0,62
0,88
1,0
1,0
1,5
0,58
1,96
1,34
0,66
1,46
0,54
1,38
0,66
0,92
1,0
1,38
0,66
1,0
1,04
1,3
0,66
1,34
0,7
1,26
0,7
2,38
0,66
1,54
0,46
1,54
0,46
1,26
1,7
0,46
0,62
1,42
0,54
1,42
0,58
1,34
1,96
0,66
1,34
0,7
1,26
0,7
1,34
0,74
0,92
1,0
1,0
1,42
0,58
1,0
1,0
1,0
0,96
1,04
1,0
1,38
0,62
1,0
1,34
0,96
0,7
1,0
1,34
0,96
0,66
1,0
1,34
0,7
1,0
1,0
1,3
1,0
0,7
1,42
0,92
0,96
0,74
1,46
0,54
1,26
0,7
1,54
0,46
0,96
1,08
1,34
0,96
0,74
0,92
1,38
0,96
0,74
0,96
1,38
0,88
0,78
0,96
0,96
1,04
1,3
0,7
0,96
1,34
0,74
0,96
0,92
25,34
0,58
59,46
1,58
0,96
1,04
1,42
0,58
1,66
0,5
1,18
0,66
0,96
1,04
1,38
0,58
1,04
1,0
1,46
0,54
1,0
0,96
1,46
0,58
0,96
1,08
2,12
0,84
1,0
2,66
0,38
0,96
2,62
0,38
1,0
2,34
0,66
0,96
2,7
0,34
1,0
3,0
0,96
1,5
0,62
1,38
0,62
1,0
1,42
0,58
0,96
1,0
2,58
0,54
0,96
1,38
0,58
0,96
1,08
0,88
1,38
0,58
1,08
1,96
0,38
0,58
1,04
1,42
0,58
1,34
0,62
1,2
0,8
1,38
0,62
1,5
0,58
1,0
1,0
1,34
0,62
1,04
0,92
1,2
0,88
1,38
0,62
1,34
0,62
1,42
0,54
1,08
0,92
1,0
1,0
1,04
0,96
1,04
0,96
1,08
0,92
1,04
0,96
1,04
1,38
0,58
1,2
0,84
1,0
0,96
1,0
1,04
0,96
1,0
1,0
1,04
1,0
1,16
0,96
0,92
0,96
1,16
0,84
1,04
1,34
0,96
0,74
0,92
1,0
0,92
1,08
1,08
0,96
0,92
1,08
1,04
1,3
0,78
0,88
0,96
1,42
0,54
1,12
0,92
1,46
0,5
1,08
1,0
1,38
0,54
1,04
1,08
0,96
1,84
1,58
0,5
0,54
0,54
0,92
1,92
0,2
0,92
0,96
1,04
1,0
0,96
1,54
0,5
1,0
1,38
0,58
1,04
1,0
1,0
1,5
0,5
1,0
1,38
0,74
0,88
1,0
1,38
0,62
1,0
1,0
1,34
0,78
1,04
0,84
1,0
0,96
1,2
0,76
1,12
0,38
0,54
1,38
0,66
1,04
0,88
1,24
0,84
0,92
1,08
1,46
0,5
1,0
1,04
1,38
1,0
0,58
1,0
1,2
0,96
1,3
1,04
0,54
1,34
1,12
0,96
0,54
1,04
1,42
2,54
0,42
0,74
1,46
0,42
1,88
0,58
0,88
0,66
0,96
1,66
0,88
0,5
0,96
1,08
1,0
2,0
0,46
0,88
0,62
0,96
1,0
1,04
1,0
1,0
0,96
1,0
1,04
1,96
0,42
0,62
0,96
1,04
1,0
1,0
2,0
0,46
1,38
0,32
0,84
1,38
0,7
1,3
0,62
1,38
0,7
1,3
0,74
1,26
0,7
0,92
1,0
1,38
0,7
1,3
0,74
1,22
0,78
1,22
0,82
0,88
1,34
0,54
1,12
1,0
1,34
0,58
1,08
1,04
0,96
0,92
1,2
0,92
1,34
0,54
1,16
0,96
0,92
0,92
1,16
1,0
1,38
0,46
1,12
1,58
0,5
0,88
1,08
1,42
0,96
0,96
0,62
1,42
0,92
0,66
1,04
2,0
0,92
1,08
1,54
0,8
0,58
1,04
2,04
0,88
1,0
1,42
0,62
0,96
1,0
1,04
1,0
1,0
1,0
1,38
0,62
1,0
1,04
1,3
0,66
1,0
1,0
1,34
0,66
1,54
0,46
1,42
0,54
1,04
1,0
1,38
0,74
0,84
1,16
1,26
0,58
1,08
1,12
1,0
0,84
1,0
0,96
1,42
0,7
1,3
0,58
1,42
0,78
0,88
1,92
0,42
0,74
1,22
0,66
1,04
0,96
1,0
1,04
0,96
1,42
0,62
3,38
0,58
1,0
1,04
0,92
1,08
0,96
1,0
1,0
1,0
1,0
1,0
0,96
1,12
2,84
0,46
0,74
0,88
1,5
0,58
0,96
0,96
1,42
0,66
0,88
2,46
0,7
0,88
1,0
1,42
0,62
1,04
2,88
0,5
0,58
0,96
0,96
1,0
1,08
1,38
0,92
0,66
0,92
1,12
0,96
0,96
1,04
1,42
0,58
1,0
1,0
0,96
1,08
0,92
1,08
1,34
0,66
0,92
1,08
1,42
0,58
1,42
0,5
1,08
1,04
1,34
0,54
1,08
1,0
1,38
0,62
1,42
0,58
1,84
0,5
0,58
1,04
1,54
0,42
2,04
1,92
0,46
0,62
1,58
0,84
0,54
1,04
1,38
0,62
1,0
1,96
0,38
0,66
0,96
1,04
1,34
1,04
0,58
1,2
1,18
1,04
0,58
1,2
0,96
1,26
0,58
1,04
1,08
1,3
0,62
1,0
1,0
1,12
0,88
1,08
1,04
0,88
1,04
1,0
1,04
1,34
0,62
0,92
1,08
0,96
1,0
1,0
1,04
1,38
0,54
1,04
1,0
1,0
1,5
0,54
0,96
0,96
1,0
1,04
1,04
0,92
1,46
0,58
1,0
0,96
1,2
0,84
1,0
1,0
0,92
1,08
1,0
1,0
0,92
1,08
1,92
0,5
0,58
1,16
1,0
0,88
0,92
2,04
0,46
0,88
0,62
1,12
1,26
1,0
0,66
1,16
1,0
0,84
1,0
1,16
1,0
0,8
1,04
1,16
0,84
1,34
0,7
1,3
0,66
1,34
0,74
2,04
1,22
0,74
1,34
0,66
0,96
1,04
2,26
0,74
0,96
1,3
0,7
0,88
1,16
1,26
0,62
1,08
1,42
0,54
0,92
1,08
1,16
0,88
2,3
0,28
0,5
0,88
1,38
0,62
1,34
0,62
0,96
1,12
1,3
0,66
1,0
1,0
1,38
0,58
1,08
1,46
0,46
1,08
0,96
1,42
0,54
1,0
1,08
1,38
0,58
1,04
0,96
1,5
0,46
1,54
0,5
1,42
0,54
1,0
1,08
1,42
0,5
1,04
1,5
0,92
0,58
1,0
1,38
1,04
0,58
1,0
1,34
1,16
0,5
1,0
1,38
1,04
0,58
1,0
1,42
0,96
0,62
1,0
1,38
0,62
1,04
0,96
1,04
0,96
1,04
0,96
1,0
1,34
0,62
1,08
0,96
1,42
0,58
0,96
1,04
1,46
0,5
1,0
1,04
1,38
0,62
1,0
1,04
0,96
1,84
0,32
0,84
1,04
2,46
0,34
0,54
0,58
1,0
1,04
1,04
0,96
1,42
0,62
0,96
1,0
0,96
1,04
1,0
1,0
0,88
1,12
1,0
1,0
0,92
1,12
1,42
0,5
1,04
1,96
0,38
0,7
2,0
0,92
0,42
0,58
1,04
1,96
0,46
0,62
0,96
1,96
0,38
0,62
1,08
1,88
0,42
0,66
1,0
2,66
0,5
0,84
1,0
1,04
1,38
0,58
1,34
0,7
1,3
0,66
1,04
0,96
1,42
0,58
1,0
1,92
0,24
0,88
1,3
0,74
0,88
1,08
1,34
0,54
1,12
1,42
0,54
1,0
1,0
1,42
0,58
1,58
0,8
1,04
0,58
0,96
1,04
1,38
0,58
2,16
0,46
0,5
0,88
1,42
0,7
1,34
0,54
1,08
1,58
0,34
1,04
1,04
1,42
0,5
1,04
1,04
1,38
0,58
0,96
1,08
1,42
0,5
1,0
1,08
1,42
0,5
1,04
1,0
1,42
0,58
1,0
1,34
1,04
0,62
2,0
0,42
0,58
0,96
1,04
1,34
1,04
0,62
1,0
1,92
0,54
0,54
2,0
0,38
1,0
0,62
1,96
0,38
0,66
0,92
1,24
0,84
1,46
0,54
1,0
1,04
0,96
1,0
1,0
1,04
1,3
0,7
1,0
1,0
1,34
0,58
1,04
1,0
1,38
0,78
0,84
1,04
1,38
0,54
1,08
0,96
1,0
1,16
0,88
0,96
0,96
1,42
0,62
1,0
0,96
1,0
1,04
1,0
0,92
1,42
0,66
1,0
1,42
0,54
1,04
1,0
0,96
1,0
1,04
1,46
0,54
1,0
1,16
1,18
0,7
0,96
1,92
0,46
0,62
1,0
1,16
1,0
0,76
1,08
1,16
1,18
0,82
0,92
1,84
0,46
0,66
0,96
1,34
0,7
0,84
1,12
1,04
1,0
0,96
1,38
2,0
0,78
0,88
1,3
0,66
1,5
0,58
1,26
0,66
0,92
1,08
1,34
0,7
0,96
1,0
1,04
0,92
1,12
1,42
0,54
0,92
1,04
1,34
0,62
1,0
1,04
1,34
0,62
1,0
1,0
1,12
0,88
1,42
0,66
0,96
0,96
0,96
1,04
1,12
0,88
1,08
1,42
0,5
1,04
1,04
1,38
0,58
0,96
1,08
1,42
0,5
1,04
1,0
1,46
0,5
1,04
1,0
1,42
0,54
1,54
0,5
1,84
0,32
0,84
1,54
0,92
0,54
1,96
0,42
1,04
0,58
1,96
0,42
1,04
0,58
1,96
0,46
1,0
0,58
1,0
1,38
1,04
0,54
1,04
1,34
1,08
0,54
1,04
1,0
1,42
0,7
0,92
1,04
1,34
0,62
0,92
1,08
1,46
0,46
1,04
0,96
1,38
0,62
1,04
1,0
1,46
0,5
1,04
1,0
1,0
0,96
1,04
1,0
1,0
0,96
1,08
0,96
0,92
1,2
0,92
0,96
0,96
1,16
0,88
1,0
0,96
0,96
1,08
1,04
0,96
1,46
0,92
0,62
0,96
1,0
1,04
1,5
0,54
0,96
1,16
2,72
0,46
0,78
1,22
1,0
0,66
1,16
1,0
0,84
1,0
1,16
1,18
0,66
1,04
1,88
0,2
0,92
0,96
1,0
1,0
1,38
0,62
1,0
1,66
0,46
0,92
1,3
0,7
1,38
0,66
0,92
0,96
1,2
0,88
1,34
0,62
1,46
0,58
1,34
0,58
1,38
0,66
1,0
0,96
1,08
1,34
0,62
2,34
0,32
0,68
0,7
0,96
1,04
1,34
0,66
0,92
1,08
1,38
0,58
1,0
1,04
1,38
0,54
1,0
1,12
1,3
0,58
1,08
1,42
0,5
1,08
0,96
1,38
0,54
1,08
1,04
1,42
0,5
1,04
1,04
1,42
0,5
1,04
1,04
1,42
0,5
1,04
1,04
1,46
0,46
1,04
1,34
1,08
0,54
1,04
1,38
0,62
1,0
1,96
0,38
1,08
0,58
1,0
1,46
0,54
0,96
2,0
0,42
0,62
0,96
1,16
0,96
1,34
0,96
0,74
0,92
0,92
1,08
0,96
1,04
1,38
0,62
0,96
1,04
1,38
0,58
0,96
1,62
0,46
1,0
0,96
1,0
1,38
0,58
1,04
1,0
1,38
0,58
1,08
0,96
0,96
1,04
1,0
1,0
1,0
0,92
1,08
1,0
0,96
1,16
0,88
1,0
0,96
1,04
1,0
1,0
0,96
0,92
1,12
0,96
1,0
0,96
1,04
1,38
0,62
1,04
1,96
0,38
0,66
0,96
1,16
1,04
0,76
1,04
1,2
1,0
0,8
1,04
1,92
0,2
0,88
0,96
1,2
1,22
0,7
0,88
1,16
2,0
0,8
1,46
0,7
0,88
1,08
1,3
0,74
1,34
0,58
1,08
0,96
1,3
0,74
1,3
0,66
0,84
1,16
2,08
0,88
1,04
0,96
0,96
1,08
1,34
0,62
0,96
1,04
1,16
0,84
2,12
0,46
0,58
0,84
2,04
0,5
0,54
0,92
0,92
1,08
1,34
0,66
0,92
1,08
1,34
0,66
1,0
1,42
0,58
0,96
1,04
1,46
0,5
1,04
1,0
1,46
0,5
1,0
1,04
1,42
0,62
0,96
1,04
1,46
0,54
1,42
0,54
1,42
0,54
1,04
1,46
0,92
1,08
0,5
1,7
0,88
0,46
1,0
1,04
1,38
0,62
1,92
0,46
1,0
0,58
1,16
1,26
1,0
0,58
1,0
1,5
0,54
0,96
1,0
1,04
1,46
0,46
1,04
1,04
1,38
0,54
1,04
1,0
1,46
0,54
0,96
1,08
0,92
1,0
1,0
1,04
0,96
1,0
1,08
0,96
1,42
0,54
1,08
0,96
0,96
1,0
1,08
0,92
1,0
0,96
1,08
1,0
0,96
1,38
0,66
1,0
1,0
1,42
0,62
0,96
1,0
0,96
1,04
1,0
0,96
1,16
0,88
1,58
0,5
0,92
1,16
1,18
0,66
1,0
1,16
1,18
0,78
0,88
0,92
1,24
0,8
1,0
1,12
1,08
0,88
0,96
1,16
1,0
0,84
1,04
1,3
0,74
0,88
1,04
1,38
0,7
1,38
0,54
1,34
0,62
1,42
0,62
1,04
0,96
1,38
0,58
2,16
0,88
0,96
1,04
1,04
1,34
0,62
1,38
0,58
1,04
1,42
0,58
0,92
1,08
1,38
0,58
1,54
0,58
1,34
0,54
1,0
1,04
1,34
0,62
1,0
1,0
1,16
0,88
1,46
0,58
1,3
0,62
1,08
1,42
0,5
1,04
1,04
1,42
0,5
1,0
1,04
1,46
0,5
1,0
1,04
1,54
0,42
1,04
1,0
1,46
0,5
1,04
1,04
1,5
0,46
1,04
1,34
0,96
0,66
2,58
0,8
0,66
1,0
1,0
1,04
0,92
1,0
1,62
0,5
0,34
0,7
0,34
0,66
1,34
0,96
0,54
1,0
1,38
1,0
0,62
1,54
0,5
1,38
0,62
0,92
1,04
1,38
0,58
1,0
1,04
0,96
1,0
1,04
1,0
0,96
1,0
1,04
1,0
1,16
0,8
1,04
1,0
1,38
0,58
1,0
1,04
1,0
0,96
1,04
0,96
1,38
0,7
0,96
1,0
1,0
1,38
0,62
1,0
0,96
1,46
0,54
1,04
1,0
1,42
0,58
1,04
0,92
1,0
1,08
1,5
0,54
0,92
1,96
0,38
0,7
0,96
2,0
0,42
0,66
0,96
1,96
0,42
0,54
1,04
1,16
1,26
0,62
0,96
1,96
0,5
0,58
1,0
1,42
0,58
0,92
1,12
1,26
0,62
1,42
0,62
1,58
0,34
1,46
0,62
1,34
0,66
1,38
0,62
1,34
0,66
1,42
0,58
1,34
0,58
1,04
1,0
1,38
0,62
1,0
1,12
0,88
1,0
1,04
1,16
0,8
1,0
0,96
1,16
0,88
1,96
0,46
0,62
0,96
1,0
1,0
1,0
1,04
1,42
0,54
1,12
0,88
1,08
1,54
0,46
0,96
1,08
1,38
0,54
1,04
0,96
1,34
0,66
1,0
1,0
1,5
0,5
1,54
0,46
1,5
0,46
1,08
0,96
1,42
0,54
1,04
1,46
0,92
0,66
1,0
1,38
0,96
0,66
1,0
1,46
0,96
0,58
1,0
1,38
1,0
0,54
1,12
1,34
1,08
0,5
